1580457113452 0.23076923 0
1580457113513 0.30769232 1
1580457113578 0.46153846 2
1580457113644 0.30769232 3
1580457113706 0.3846154 4
1580457113771 0.46153846 5
1580457113837 0.53846157 6
1580457113904 0.3846154 7
1580457113971 0.53846157 8
1580457114073 0.61538464 9
1580457114170 0.53846157 10
1580457114268 0.61538464 11
1580457114366 0.53846157 12
1580457114463 0.61538464 13
1580457114561 0.46153846 14
1580457114659 0.61538464 15
1580457114757 0.6923077 16
1580457114854 0.6923077 17
1580457114953 0.6923077 18
1580457115051 0.53846157 19
1580457115149 0.53846157 20
1580457115247 0.53846157 21
1580457115345 0.61538464 22
1580457115443 0.61538464 23
1580457115541 0.61538464 24
1580457115640 0.53846157 25
1580457115739 0.7692308 26
1580457115837 1.0 27
1580457115936 0.7692308 28
1580457116042 0.7692308 29
