1580457113452 1.3903212547302246 0
1580457113513 1.4019845724105835 1
1580457113578 1.3415063619613647 2
1580457113644 1.356852650642395 3
1580457113706 1.3928706645965576 4
1580457113771 1.3288525342941284 5
1580457113837 1.308075189590454 6
1580457113904 1.3273520469665527 7
1580457113971 1.2469706535339355 8
1580457114073 1.2432963848114014 9
1580457114170 1.2744171619415283 10
1580457114268 1.210652470588684 11
1580457114366 1.1930229663848877 12
1580457114463 1.1367912292480469 13
1580457114561 1.1832504272460938 14
1580457114659 1.0691907405853271 15
1580457114757 1.0436434745788574 16
1580457114854 1.0560694932937622 17
1580457114953 1.0849592685699463 18
1580457115051 1.124898910522461 19
1580457115149 0.9847695827484131 20
1580457115247 1.1814426183700562 21
1580457115345 0.9604493379592896 22
1580457115443 0.8940909504890442 23
1580457115541 0.9352070689201355 24
1580457115640 0.9182634949684143 25
1580457115739 0.8488855361938477 26
1580457115837 0.7797133922576904 27
1580457115936 0.939184308052063 28
1580457116042 0.7291015982627869 29
