1580398711845 0.46153846 0
1580398711895 0.3846154 1
1580398711950 0.46153846 2
1580398712005 0.30769232 3
1580398712060 0.23076923 4
1580398712116 0.3846154 5
1580398712171 0.46153846 6
1580398712225 0.46153846 7
1580398712280 0.46153846 8
1580398712336 0.6923077 9
1580398712393 0.6923077 10
1580398712450 0.6923077 11
1580398712505 0.53846157 12
1580398712560 0.84615386 13
1580398712615 0.61538464 14
1580398712670 0.53846157 15
1580398712725 0.6923077 16
1580398712781 0.61538464 17
1580398712837 0.53846157 18
1580398712892 0.53846157 19
1580398712949 0.6923077 20
1580398713006 0.7692308 21
1580398713063 0.84615386 22
1580398713119 0.84615386 23
1580398713175 0.61538464 24
1580398713231 0.7692308 25
1580398713286 0.9230769 26
1580398713343 0.6923077 27
1580398713399 0.84615386 28
1580398713454 0.84615386 29
