1580398711845 1.3476351499557495 0
1580398711895 1.2956713438034058 1
1580398711950 1.1386722326278687 2
1580398712005 1.4225029945373535 3
1580398712060 1.3982431888580322 4
1580398712116 1.3138636350631714 5
1580398712171 1.2729436159133911 6
1580398712225 1.0821477174758911 7
1580398712280 1.192644715309143 8
1580398712336 0.8602975606918335 9
1580398712393 0.8310279846191406 10
1580398712450 0.8578272461891174 11
1580398712505 0.9486239552497864 12
1580398712560 0.6759024262428284 13
1580398712615 0.7675058841705322 14
1580398712670 0.8816583156585693 15
1580398712725 0.6665364503860474 16
1580398712781 0.9590861201286316 17
1580398712837 1.0452686548233032 18
1580398712892 0.8411314487457275 19
1580398712949 0.6586899161338806 20
1580398713006 0.6103598475456238 21
1580398713063 0.6918565034866333 22
1580398713119 0.5444445013999939 23
1580398713175 0.6819406747817993 24
1580398713231 0.3990240693092346 25
1580398713286 0.3216535747051239 26
1580398713343 0.5108642578125 27
1580398713399 0.4103822410106659 28
1580398713454 0.4756726026535034 29
