1580398669529 0.15384616 0
1580398669577 0.15384616 1
1580398669631 0.23076923 2
1580398669684 0.30769232 3
1580398669738 0.30769232 4
1580398669792 0.3846154 5
1580398669846 0.3846154 6
1580398669899 0.46153846 7
1580398669954 0.61538464 8
1580398670007 0.6923077 9
1580398670061 0.6923077 10
1580398670116 0.6923077 11
1580398670170 0.61538464 12
1580398670224 0.7692308 13
1580398670277 0.61538464 14
1580398670332 0.30769232 15
1580398670386 0.3846154 16
1580398670440 0.61538464 17
1580398670494 0.61538464 18
1580398670548 0.53846157 19
1580398670603 0.61538464 20
1580398670657 0.61538464 21
1580398670711 0.53846157 22
1580398670766 0.53846157 23
1580398670821 0.6923077 24
1580398670876 0.84615386 25
1580398670930 0.6923077 26
1580398670985 0.61538464 27
1580398671040 0.61538464 28
1580398671095 0.84615386 29
