1580398669529 1.4405707120895386 0
1580398669577 1.3997098207473755 1
1580398669631 1.3348534107208252 2
1580398669684 1.347470760345459 3
1580398669738 1.3819067478179932 4
1580398669792 1.3099230527877808 5
1580398669846 1.2138041257858276 6
1580398669899 1.2470778226852417 7
1580398669954 1.024910569190979 8
1580398670007 1.0175565481185913 9
1580398670061 0.8093730211257935 10
1580398670116 0.8462493419647217 11
1580398670170 0.7892258167266846 12
1580398670224 0.6445807814598083 13
1580398670277 0.8460325598716736 14
1580398670332 1.7761987447738647 15
1580398670386 1.4134619235992432 16
1580398670440 0.7638232111930847 17
1580398670494 1.0055515766143799 18
1580398670548 0.8630640506744385 19
1580398670603 0.8554608225822449 20
1580398670657 0.7553137540817261 21
1580398670711 0.9750658273696899 22
1580398670766 0.9031318426132202 23
1580398670821 0.7975337505340576 24
1580398670876 0.5596673488616943 25
1580398670930 0.6332024931907654 26
1580398670985 0.6995825171470642 27
1580398671040 0.7752236127853394 28
1580398671095 0.48546934127807617 29
