1580457080812 0.30769232 0
1580457080871 0.46153846 1
1580457080936 0.15384616 2
1580457081001 0.30769232 3
1580457081067 0.30769232 4
1580457081133 0.3846154 5
1580457081199 0.23076923 6
1580457081265 0.15384616 7
1580457081331 0.46153846 8
1580457081397 0.23076923 9
1580457081460 0.30769232 10
1580457081525 0.23076923 11
1580457081588 0.30769232 12
1580457081651 0.3846154 13
1580457081715 0.46153846 14
1580457081780 0.30769232 15
1580457081845 0.46153846 16
1580457081911 0.46153846 17
1580457081977 0.46153846 18
1580457082040 0.53846157 19
1580457082106 0.46153846 20
1580457082170 0.46153846 21
1580457082235 0.30769232 22
1580457082301 0.46153846 23
1580457082366 0.3846154 24
1580457082432 0.53846157 25
1580457082499 0.46153846 26
1580457082565 0.46153846 27
1580457082631 0.3846154 28
1580457082699 0.46153846 29
