1580457080812 1.3730111122131348 0
1580457080871 157.3243408203125 1
1580457080936 71.77621459960938 2
1580457081001 132.60867309570312 3
1580457081067 9.894977569580078 4
1580457081133 4.4127421379089355 5
1580457081199 65.20669555664062 6
1580457081265 19.251636505126953 7
1580457081331 1.8165433406829834 8
1580457081397 1.5001400709152222 9
1580457081460 1.2105441093444824 10
1580457081525 2.208298683166504 11
1580457081588 1.048703670501709 12
1580457081651 1.1410930156707764 13
1580457081715 1.3472709655761719 14
1580457081780 1.3165395259857178 15
1580457081845 1.0562137365341187 16
1580457081911 1.0106054544448853 17
1580457081977 0.991419792175293 18
1580457082040 0.8158090114593506 19
1580457082106 1.0218793153762817 20
1580457082170 1.0154820680618286 21
1580457082235 1.179642915725708 22
1580457082301 0.9280687570571899 23
1580457082366 1.178662896156311 24
1580457082432 0.9244419932365417 25
1580457082499 1.011064052581787 26
1580457082565 0.9519224762916565 27
1580457082631 1.6876047849655151 28
1580457082699 1.0346649885177612 29
