1580456932370 0.23076923 0
1580456932426 0.23076923 1
1580456932486 0.3846154 2
1580456932547 0.30769232 3
1580456932609 0.30769232 4
1580456932669 0.15384616 5
1580456932728 0.30769232 6
1580456932788 0.46153846 7
1580456932851 0.23076923 8
1580456932911 0.6923077 9
1580456932972 0.53846157 10
1580456933034 0.46153846 11
1580456933099 0.61538464 12
1580456933159 0.23076923 13
1580456933220 0.53846157 14
1580456933282 0.6923077 15
1580456933344 0.46153846 16
1580456933405 0.53846157 17
1580456933465 0.46153846 18
1580456933526 0.53846157 19
1580456933586 0.53846157 20
1580456933649 0.6923077 21
1580456933711 0.61538464 22
1580456933772 0.7692308 23
1580456933835 0.9230769 24
1580456933897 0.7692308 25
1580456933960 0.53846157 26
1580456934022 0.61538464 27
1580456934085 0.6923077 28
1580456934146 0.7692308 29
