1580456932370 1.399147868156433 0
1580456932426 1.3269203901290894 1
1580456932486 1.2546225786209106 2
1580456932547 1.3492791652679443 3
1580456932609 1.5523321628570557 4
1580456932669 1.5320833921432495 5
1580456932728 1.3104463815689087 6
1580456932788 1.2467570304870605 7
1580456932851 1.3202787637710571 8
1580456932911 1.0029494762420654 9
1580456932972 0.9806594848632812 10
1580456933034 0.9993960857391357 11
1580456933099 0.9627376794815063 12
1580456933159 1.2024004459381104 13
1580456933220 0.9492920637130737 14
1580456933282 0.7056102752685547 15
1580456933344 0.9074286818504333 16
1580456933405 0.9419430494308472 17
1580456933465 0.844028890132904 18
1580456933526 0.9624064564704895 19
1580456933586 0.8320862054824829 20
1580456933649 0.9240443706512451 21
1580456933711 0.6446211934089661 22
1580456933772 0.6886304020881653 23
1580456933835 0.5645204186439514 24
1580456933897 0.9170325398445129 25
1580456933960 0.8347944021224976 26
1580456934022 0.6793029308319092 27
1580456934085 0.8363757729530334 28
1580456934146 0.5855127573013306 29
