1580398768423 0.23076923 0
1580398768479 0.15384616 1
1580398768534 0.30769232 2
1580398768591 0.30769232 3
1580398768646 0.3846154 4
1580398768703 0.46153846 5
1580398768760 0.3846154 6
1580398768816 0.3846154 7
1580398768874 0.61538464 8
1580398768930 0.53846157 9
1580398768988 0.46153846 10
1580398769045 0.61538464 11
1580398769102 0.6923077 12
1580398769158 0.53846157 13
1580398769215 0.61538464 14
1580398769271 0.6923077 15
1580398769328 0.6923077 16
1580398769385 0.7692308 17
1580398769442 0.61538464 18
1580398769498 0.6923077 19
1580398769554 0.7692308 20
1580398769612 0.9230769 21
1580398769672 0.6923077 22
1580398769730 0.9230769 23
1580398769789 0.6923077 24
1580398769848 0.84615386 25
1580398769906 0.7692308 26
1580398769963 0.7692308 27
1580398770020 0.7692308 28
1580398770077 0.84615386 29
