1580398768423 1.4107881784439087 0
1580398768479 1.4332976341247559 1
1580398768534 1.3717340230941772 2
1580398768591 1.3203186988830566 3
1580398768646 1.2969157695770264 4
1580398768703 1.2945353984832764 5
1580398768760 1.2664427757263184 6
1580398768816 1.3024893999099731 7
1580398768874 1.15408456325531 8
1580398768930 1.1620570421218872 9
1580398768988 1.1273283958435059 10
1580398769045 0.8954609632492065 11
1580398769102 0.8617726564407349 12
1580398769158 0.9937031269073486 13
1580398769215 1.0264642238616943 14
1580398769271 0.8261295557022095 15
1580398769328 0.5824362635612488 16
1580398769385 0.8292038440704346 17
1580398769442 0.7012972235679626 18
1580398769498 0.769778311252594 19
1580398769554 0.6112374663352966 20
1580398769612 0.4707486927509308 21
1580398769672 0.6431614756584167 22
1580398769730 0.5261287093162537 23
1580398769789 0.6868409514427185 24
1580398769848 0.480969101190567 25
1580398769906 0.38652727007865906 26
1580398769963 0.5125080943107605 27
1580398770020 0.41129642724990845 28
1580398770077 0.402018666267395 29
