1580398590401 0.3846154 0
1580398590449 0.3846154 1
1580398590502 0.46153846 2
1580398590556 0.61538464 3
1580398590609 0.30769232 4
1580398590663 0.30769232 5
1580398590716 0.46153846 6
1580398590772 0.6923077 7
1580398590852 0.61538464 8
1580398590929 0.84615386 9
1580398591006 0.53846157 10
1580398591084 0.6923077 11
1580398591163 0.6923077 12
1580398591241 0.61538464 13
1580398591320 0.84615386 14
1580398591399 0.6923077 15
1580398591477 0.46153846 16
1580398591556 0.61538464 17
1580398591635 0.7692308 18
1580398591713 0.7692308 19
1580398591793 0.84615386 20
1580398591872 0.7692308 21
1580398591951 0.61538464 22
1580398592036 0.84615386 23
1580398592114 0.9230769 24
1580398592191 0.84615386 25
1580398592269 0.9230769 26
1580398592347 0.7692308 27
1580398592426 0.6923077 28
1580398592505 0.84615386 29
