1580398590401 1.338612675666809 0
1580398590449 1.317697286605835 1
1580398590502 1.3251172304153442 2
1580398590556 1.1461056470870972 3
1580398590609 1.4245485067367554 4
1580398590663 1.2948790788650513 5
1580398590716 1.2031105756759644 6
1580398590772 1.0590013265609741 7
1580398590852 1.1159625053405762 8
1580398590929 0.8317843079566956 9
1580398591006 1.1041667461395264 10
1580398591084 0.912166178226471 11
1580398591163 0.7959883213043213 12
1580398591241 0.9727746248245239 13
1580398591320 0.6863288879394531 14
1580398591399 0.743565559387207 15
1580398591477 0.8204314112663269 16
1580398591556 0.8697379231452942 17
1580398591635 0.6743885278701782 18
1580398591713 0.5774533748626709 19
1580398591793 0.4308105707168579 20
1580398591872 0.6235619187355042 21
1580398591951 0.7467219829559326 22
1580398592036 0.594510018825531 23
1580398592114 0.3136224150657654 24
1580398592191 0.4981275200843811 25
1580398592269 0.45848047733306885 26
1580398592347 0.4291995167732239 27
1580398592426 0.5726519823074341 28
1580398592505 0.3606862425804138 29
