1580289592875 0.07692308 0
1580289592918 0.30769232 1
1580289592965 0.23076923 2
1580289593012 0.30769232 3
1580289593058 0.3846154 4
1580289593105 0.53846157 5
1580289593152 0.30769232 6
1580289593197 0.46153846 7
1580289593243 0.46153846 8
1580289593294 0.23076923 9
1580289593340 0.53846157 10
1580289593387 0.3846154 11
1580289593435 0.46153846 12
1580289593482 0.53846157 13
1580289593528 0.53846157 14
1580289593574 0.53846157 15
1580289593620 0.6923077 16
1580289593666 0.61538464 17
1580289593711 0.53846157 18
1580289593758 0.53846157 19
1580289593804 0.6923077 20
1580289593850 0.3846154 21
1580289593897 0.53846157 22
1580289593943 0.61538464 23
1580289593989 0.61538464 24
1580289594035 0.61538464 25
1580289594082 0.53846157 26
1580289594129 0.61538464 27
1580289594176 0.46153846 28
1580289594222 0.61538464 29
