1580289592875 1.5326253175735474 0
1580289592918 1.3474558591842651 1
1580289592965 1.4099059104919434 2
1580289593012 1.3594061136245728 3
1580289593058 1.3412292003631592 4
1580289593105 1.3314831256866455 5
1580289593152 1.348926067352295 6
1580289593197 1.3523017168045044 7
1580289593243 1.3419100046157837 8
1580289593294 1.4520195722579956 9
1580289593340 1.2651689052581787 10
1580289593387 1.3337041139602661 11
1580289593435 1.304365634918213 12
1580289593482 1.293489933013916 13
1580289593528 1.2639350891113281 14
1580289593574 1.2564449310302734 15
1580289593620 1.2335318326950073 16
1580289593666 1.2597033977508545 17
1580289593711 1.3331122398376465 18
1580289593758 1.2070302963256836 19
1580289593804 1.2467581033706665 20
1580289593850 1.3733365535736084 21
1580289593897 1.3231823444366455 22
1580289593943 1.2456333637237549 23
1580289593989 1.2243913412094116 24
1580289594035 1.2260191440582275 25
1580289594082 1.2385355234146118 26
1580289594129 1.2697415351867676 27
1580289594176 1.2437540292739868 28
1580289594222 1.1645909547805786 29
