1580398522473 0.30769232 0
1580398522519 0.3846154 1
1580398522570 0.15384616 2
1580398522621 0.30769232 3
1580398522673 0.46153846 4
1580398522725 0.46153846 5
1580398522775 0.3846154 6
1580398522825 0.61538464 7
1580398522876 0.46153846 8
1580398522927 0.30769232 9
1580398522977 0.53846157 10
1580398523027 0.53846157 11
1580398523077 0.3846154 12
1580398523128 0.23076923 13
1580398523178 0.46153846 14
1580398523228 0.46153846 15
1580398523279 0.46153846 16
1580398523330 0.46153846 17
1580398523381 0.3846154 18
1580398523434 0.3846154 19
1580398523484 0.3846154 20
1580398523534 0.46153846 21
1580398523587 0.61538464 22
1580398523639 0.6923077 23
1580398523692 0.61538464 24
1580398523745 0.53846157 25
1580398523798 0.46153846 26
1580398523851 0.46153846 27
1580398523904 0.53846157 28
1580398523958 0.46153846 29
