1580398522473 1.3660204410552979 0
1580398522519 1.3323333263397217 1
1580398522570 1.4973381757736206 2
1580398522621 1.1544692516326904 3
1580398522673 1.2664903402328491 4
1580398522725 1.1049927473068237 5
1580398522775 1.7528002262115479 6
1580398522825 1.2546446323394775 7
1580398522876 1.0921533107757568 8
1580398522927 1.387209415435791 9
1580398522977 1.0126242637634277 10
1580398523027 0.8643741011619568 11
1580398523077 1.2421495914459229 12
1580398523128 1.7432869672775269 13
1580398523178 1.2372225522994995 14
1580398523228 1.1539720296859741 15
1580398523279 1.223755955696106 16
1580398523330 1.0624606609344482 17
1580398523381 0.9156525731086731 18
1580398523434 1.0219874382019043 19
1580398523484 1.241764783859253 20
1580398523534 1.0229188203811646 21
1580398523587 0.8022187948226929 22
1580398523639 0.7711193561553955 23
1580398523692 0.8018894195556641 24
1580398523745 0.9733967185020447 25
1580398523798 1.0151423215866089 26
1580398523851 1.1491858959197998 27
1580398523904 0.9780980348587036 28
1580398523958 1.3227182626724243 29
