1580456913568 0.23076923 0
1580456913625 0.30769232 1
1580456913687 0.30769232 2
1580456913749 0.46153846 3
1580456913810 0.30769232 4
1580456913870 0.46153846 5
1580456913929 0.3846154 6
1580456913991 0.53846157 7
1580456914051 0.46153846 8
1580456914113 0.6923077 9
1580456914176 0.6923077 10
1580456914239 0.6923077 11
1580456914300 0.53846157 12
1580456914363 0.6923077 13
1580456914425 0.61538464 14
1580456914486 0.7692308 15
1580456914547 0.9230769 16
1580456914608 0.7692308 17
1580456914669 0.9230769 18
1580456914730 0.7692308 19
1580456914793 0.6923077 20
1580456914856 0.61538464 21
1580456914918 0.84615386 22
1580456914981 0.6923077 23
1580456915044 0.53846157 24
1580456915107 0.46153846 25
1580456915168 0.6923077 26
1580456915231 0.53846157 27
1580456915297 0.53846157 28
1580456915393 0.53846157 29
