1580456913568 1.4165928363800049 0
1580456913625 233.1831817626953 1
1580456913687 496.2326354980469 2
1580456913749 171.50103759765625 3
1580456913810 36.26942443847656 4
1580456913870 15.680391311645508 5
1580456913929 4.826415061950684 6
1580456913991 0.7788970470428467 7
1580456914051 1.3781688213348389 8
1580456914113 1.5396794080734253 9
1580456914176 0.5804439783096313 10
1580456914239 0.5779770612716675 11
1580456914300 0.8853819370269775 12
1580456914363 0.5554028153419495 13
1580456914425 0.8177670836448669 14
1580456914486 0.5142637491226196 15
1580456914547 0.3008771240711212 16
1580456914608 0.5863097906112671 17
1580456914669 0.3206661641597748 18
1580456914730 0.6962497234344482 19
1580456914793 1.1350150108337402 20
1580456914856 1.4260814189910889 21
1580456914918 0.42003539204597473 22
1580456914981 0.9772015810012817 23
1580456915044 0.9414507150650024 24
1580456915107 1.042336344718933 25
1580456915168 0.6484984755516052 26
1580456915231 0.9688588380813599 27
1580456915297 0.8126366138458252 28
1580456915393 1.0165956020355225 29
