1580398641521 0.23076923 0
1580398641574 0.30769232 1
1580398641626 0.46153846 2
1580398641679 0.3846154 3
1580398641734 0.3846154 4
1580398641787 0.46153846 5
1580398641840 0.53846157 6
1580398641892 0.3846154 7
1580398641946 0.46153846 8
1580398642000 0.53846157 9
1580398642053 0.46153846 10
1580398642107 0.61538464 11
1580398642161 0.53846157 12
1580398642215 0.6923077 13
1580398642271 0.53846157 14
1580398642325 0.61538464 15
1580398642378 0.6923077 16
1580398642432 0.6923077 17
1580398642485 0.7692308 18
1580398642539 0.53846157 19
1580398642595 0.6923077 20
1580398642650 0.53846157 21
1580398642705 0.6923077 22
1580398642759 0.7692308 23
1580398642814 0.6923077 24
1580398642868 0.6923077 25
1580398642922 0.7692308 26
1580398642976 1.0 27
1580398643031 0.7692308 28
1580398643084 0.6923077 29
