1580398641521 1.3903212547302246 0
1580398641574 1.3966219425201416 1
1580398641626 1.3421807289123535 2
1580398641679 1.3534324169158936 3
1580398641734 1.401631236076355 4
1580398641787 1.3175456523895264 5
1580398641840 1.2761588096618652 6
1580398641892 1.3138363361358643 7
1580398641946 1.197730302810669 8
1580398642000 1.1487051248550415 9
1580398642053 1.2336781024932861 10
1580398642107 1.0777180194854736 11
1580398642161 1.1185011863708496 12
1580398642215 1.0450692176818848 13
1580398642271 1.1091268062591553 14
1580398642325 0.8935542702674866 15
1580398642378 0.8979825377464294 16
1580398642432 0.8779525756835938 17
1580398642485 0.8003495335578918 18
1580398642539 0.814114511013031 19
1580398642595 0.6843162178993225 20
1580398642650 0.9144204258918762 21
1580398642705 0.7967602610588074 22
1580398642759 0.7027524709701538 23
1580398642814 0.794994592666626 24
1580398642868 0.6979759931564331 25
1580398642922 0.5721765756607056 26
1580398642976 0.4893485903739929 27
1580398643031 0.6657920479774475 28
1580398643084 0.6484090089797974 29
