1580398593073 0.30769232 0
1580398593120 0.3846154 1
1580398593174 0.30769232 2
1580398593225 0.23076923 3
1580398593277 0.30769232 4
1580398593329 0.3846154 5
1580398593381 0.3846154 6
1580398593432 0.30769232 7
1580398593484 0.3846154 8
1580398593535 0.3846154 9
1580398593587 0.3846154 10
1580398593638 0.30769232 11
1580398593691 0.23076923 12
1580398593743 0.30769232 13
1580398593795 0.30769232 14
1580398593847 0.30769232 15
1580398593899 0.30769232 16
1580398593951 0.30769232 17
1580398594004 0.3846154 18
1580398594056 0.30769232 19
1580398594108 0.30769232 20
1580398594161 0.3846154 21
1580398594213 0.30769232 22
1580398594266 0.46153846 23
1580398594319 0.3846154 24
1580398594371 0.6923077 25
1580398594425 0.3846154 26
1580398594477 0.46153846 27
1580398594530 0.46153846 28
1580398594583 0.53846157 29
