1580398593073 1.4023950099945068 0
1580398593120 1.3482736349105835 1
1580398593174 1.3752398490905762 2
1580398593225 1.4159945249557495 3
1580398593277 1.3632642030715942 4
1580398593329 1.3631967306137085 5
1580398593381 1.3876980543136597 6
1580398593432 1.3521500825881958 7
1580398593484 1.3412293195724487 8
1580398593535 1.3276069164276123 9
1580398593587 1.3705469369888306 10
1580398593638 1.328384280204773 11
1580398593691 1.3430988788604736 12
1580398593743 1.31620192527771 13
1580398593795 1.3564614057540894 14
1580398593847 1.3265776634216309 15
1580398593899 1.3490663766860962 16
1580398593951 1.3059208393096924 17
1580398594004 1.3174552917480469 18
1580398594056 1.3574919700622559 19
1580398594108 1.3111345767974854 20
1580398594161 1.3196779489517212 21
1580398594213 1.3187947273254395 22
1580398594266 1.335973858833313 23
1580398594319 1.2874438762664795 24
1580398594371 1.2716363668441772 25
1580398594425 1.2655360698699951 26
1580398594477 1.3076637983322144 27
1580398594530 1.2567490339279175 28
1580398594583 1.2763416767120361 29
