1580398747046 0.30769232 0
1580398747097 0.07692308 1
1580398747152 0.46153846 2
1580398747208 0.23076923 3
1580398747265 0.15384616 4
1580398747323 0.3846154 5
1580398747380 0.46153846 6
1580398747439 0.15384616 7
1580398747496 0.3846154 8
1580398747554 0.15384616 9
1580398747611 0.23076923 10
1580398747669 0.53846157 11
1580398747726 0.53846157 12
1580398747782 0.23076923 13
1580398747838 0.07692308 14
1580398747894 0.23076923 15
1580398747950 0.53846157 16
1580398748008 0.61538464 17
1580398748065 0.30769232 18
1580398748121 0.46153846 19
1580398748179 0.23076923 20
1580398748236 0.61538464 21
1580398748294 0.3846154 22
1580398748351 0.30769232 23
1580398748408 0.30769232 24
1580398748464 0.46153846 25
1580398748521 0.3846154 26
1580398748578 0.30769232 27
1580398748636 0.3846154 28
1580398748696 0.46153846 29
