1580398747046 1.3874620199203491 0
1580398747097 1.3958125114440918 1
1580398747152 1.3780252933502197 2
1580398747208 1.405572772026062 3
1580398747265 1.4059325456619263 4
1580398747323 1.3637248277664185 5
1580398747380 1.377488374710083 6
1580398747439 1.3875689506530762 7
1580398747496 1.3673018217086792 8
1580398747554 1.392356276512146 9
1580398747611 1.3821525573730469 10
1580398747669 1.3519929647445679 11
1580398747726 1.350007176399231 12
1580398747782 1.3885623216629028 13
1580398747838 1.3800265789031982 14
1580398747894 1.366089940071106 15
1580398747950 1.3346443176269531 16
1580398748008 1.3173719644546509 17
1580398748065 1.3633804321289062 18
1580398748121 1.3637745380401611 19
1580398748179 1.3407377004623413 20
1580398748236 1.3420878648757935 21
1580398748294 1.3582295179367065 22
1580398748351 1.3588063716888428 23
1580398748408 1.3546172380447388 24
1580398748464 1.3033636808395386 25
1580398748521 1.334261417388916 26
1580398748578 1.3106083869934082 27
1580398748636 1.320507287979126 28
1580398748696 1.3462104797363281 29
