1580398572717 0.23076923 0
1580398572764 0.23076923 1
1580398572817 0.23076923 2
1580398572869 0.3846154 3
1580398572920 0.46153846 4
1580398572972 0.3846154 5
1580398573025 0.3846154 6
1580398573078 0.46153846 7
1580398573130 0.53846157 8
1580398573183 0.53846157 9
1580398573235 0.53846157 10
1580398573288 0.53846157 11
1580398573341 0.6923077 12
1580398573394 0.3846154 13
1580398573447 0.3846154 14
1580398573500 0.61538464 15
1580398573553 0.23076923 16
1580398573606 0.53846157 17
1580398573660 0.23076923 18
1580398573714 0.30769232 19
1580398573768 0.46153846 20
1580398573822 0.3846154 21
1580398573875 0.53846157 22
1580398573927 0.46153846 23
1580398573980 0.30769232 24
1580398574033 0.30769232 25
1580398574087 0.6923077 26
1580398574140 0.46153846 27
1580398574194 0.7692308 28
1580398574247 0.61538464 29
