1580398572717 1.4128086566925049 0
1580398572764 1.408320665359497 1
1580398572817 1.5153969526290894 2
1580398572869 1.3838458061218262 3
1580398572920 1.2835237979888916 4
1580398572972 1.2919548749923706 5
1580398573025 1.1677353382110596 6
1580398573078 1.0413451194763184 7
1580398573130 0.9727194309234619 8
1580398573183 1.0372333526611328 9
1580398573235 1.0246233940124512 10
1580398573288 1.0951412916183472 11
1580398573341 0.8755732178688049 12
1580398573394 1.3064392805099487 13
1580398573447 1.2075310945510864 14
1580398573500 0.7820767760276794 15
1580398573553 1.7630844116210938 16
1580398573606 1.4763209819793701 17
1580398573660 1.613378643989563 18
1580398573714 1.5569396018981934 19
1580398573768 1.3726260662078857 20
1580398573822 1.2851685285568237 21
1580398573875 0.9011269807815552 22
1580398573927 0.9208446145057678 23
1580398573980 1.3127846717834473 24
1580398574033 0.938789963722229 25
1580398574087 0.7152947187423706 26
1580398574140 0.9179939031600952 27
1580398574194 0.8179463744163513 28
1580398574247 0.8776335120201111 29
