1580398780125 0.07692308 0
1580398780179 0.23076923 1
1580398780236 0.46153846 2
1580398780292 0.07692308 3
1580398780349 0.30769232 4
1580398780405 0.3846154 5
1580398780462 0.30769232 6
1580398780518 0.30769232 7
1580398780574 0.30769232 8
1580398780630 0.30769232 9
1580398780687 0.30769232 10
1580398780744 0.30769232 11
1580398780801 0.3846154 12
1580398780858 0.3846154 13
1580398780915 0.46153846 14
1580398780971 0.53846157 15
1580398781028 0.3846154 16
1580398781084 0.61538464 17
1580398781141 0.61538464 18
1580398781198 0.46153846 19
1580398781256 0.53846157 20
1580398781313 0.23076923 21
1580398781370 0.61538464 22
1580398781427 0.61538464 23
1580398781484 0.3846154 24
1580398781541 0.53846157 25
1580398781600 0.61538464 26
1580398781661 0.3846154 27
1580398781752 0.6923077 28
1580398781839 0.53846157 29
