1580398780125 1.3827054500579834 0
1580398780179 1.3859953880310059 1
1580398780236 1.3720124959945679 2
1580398780292 1.3923605680465698 3
1580398780349 1.401305913925171 4
1580398780405 1.3745572566986084 5
1580398780462 1.3632158041000366 6
1580398780518 1.377484679222107 7
1580398780574 1.38416588306427 8
1580398780630 1.3606948852539062 9
1580398780687 1.3358300924301147 10
1580398780744 1.3751347064971924 11
1580398780801 1.3176909685134888 12
1580398780858 1.311635971069336 13
1580398780915 1.3052685260772705 14
1580398780971 1.2997804880142212 15
1580398781028 1.2957103252410889 16
1580398781084 1.231925129890442 17
1580398781141 1.2468161582946777 18
1580398781198 1.2002061605453491 19
1580398781256 1.2084826231002808 20
1580398781313 1.3272238969802856 21
1580398781370 1.1563255786895752 22
1580398781427 1.1448739767074585 23
1580398781484 1.2489560842514038 24
1580398781541 1.1465156078338623 25
1580398781600 1.0323935747146606 26
1580398781661 1.1524449586868286 27
1580398781752 1.1268541812896729 28
1580398781839 1.0781162977218628 29
