1580398494385 0.15384616 0
1580398494429 0.46153846 1
1580398494479 0.3846154 2
1580398494527 0.53846157 3
1580398494576 0.46153846 4
1580398494626 0.53846157 5
1580398494674 0.46153846 6
1580398494723 0.61538464 7
1580398494772 0.23076923 8
1580398494821 0.53846157 9
1580398494871 0.61538464 10
1580398494920 0.6923077 11
1580398494969 0.61538464 12
1580398495018 0.61538464 13
1580398495068 0.84615386 14
1580398495117 0.6923077 15
1580398495167 0.46153846 16
1580398495217 0.6923077 17
1580398495266 0.53846157 18
1580398495315 0.61538464 19
1580398495365 0.6923077 20
1580398495415 0.30769232 21
1580398495465 0.3846154 22
1580398495513 0.53846157 23
1580398495563 0.53846157 24
1580398495613 0.53846157 25
1580398495663 0.3846154 26
1580398495714 0.46153846 27
1580398495764 0.61538464 28
1580398495815 0.61538464 29
