1580398494385 1.4223994016647339 0
1580398494429 104.01579284667969 1
1580398494479 41.811763763427734 2
1580398494527 19.007644653320312 3
1580398494576 16.20534324645996 4
1580398494626 1.3799775838851929 5
1580398494674 1.155158281326294 6
1580398494723 1.385408639907837 7
1580398494772 1.4035589694976807 8
1580398494821 0.8220690488815308 9
1580398494871 0.9647877216339111 10
1580398494920 0.830685555934906 11
1580398494969 0.9140978455543518 12
1580398495018 0.7825796604156494 13
1580398495068 0.44969192147254944 14
1580398495117 0.7006289958953857 15
1580398495167 1.1495577096939087 16
1580398495217 0.7592214345932007 17
1580398495266 0.9724327325820923 18
1580398495315 0.9365131855010986 19
1580398495365 1.0149569511413574 20
1580398495415 1.4714909791946411 21
1580398495465 1.0139787197113037 22
1580398495513 0.9493954181671143 23
1580398495563 0.9324811100959778 24
1580398495613 0.938146710395813 25
1580398495663 1.1865837574005127 26
1580398495714 0.9418464303016663 27
1580398495764 0.753665030002594 28
1580398495815 0.7163611054420471 29
