1580398649738 0.30769232 0
1580398649790 0.30769232 1
1580398649845 0.46153846 2
1580398649899 0.07692308 3
1580398649952 0.23076923 4
1580398650005 0.61538464 5
1580398650058 0.61538464 6
1580398650111 0.46153846 7
1580398650166 0.3846154 8
1580398650219 0.6923077 9
1580398650273 0.53846157 10
1580398650326 0.46153846 11
1580398650380 0.53846157 12
1580398650433 0.53846157 13
1580398650487 0.53846157 14
1580398650541 0.53846157 15
1580398650595 0.6923077 16
1580398650651 0.53846157 17
1580398650705 0.3846154 18
1580398650759 0.46153846 19
1580398650815 0.53846157 20
1580398650869 0.53846157 21
1580398650923 0.46153846 22
1580398650977 0.53846157 23
1580398651032 0.84615386 24
1580398651088 0.84615386 25
1580398651144 0.61538464 26
1580398651200 0.61538464 27
1580398651255 0.7692308 28
1580398651309 0.7692308 29
