1580398649738 1.3826625347137451 0
1580398649790 25.12610626220703 1
1580398649845 19.241849899291992 2
1580398649899 21.918834686279297 3
1580398649952 7.012148380279541 4
1580398650005 0.8820322751998901 5
1580398650058 1.1194088459014893 6
1580398650111 1.003450870513916 7
1580398650166 1.0966589450836182 8
1580398650219 0.7081177830696106 9
1580398650273 0.6854884624481201 10
1580398650326 1.1225587129592896 11
1580398650380 0.9945561289787292 12
1580398650433 1.0507410764694214 13
1580398650487 0.8423929810523987 14
1580398650541 0.9297062754631042 15
1580398650595 0.9828667044639587 16
1580398650651 1.104894757270813 17
1580398650705 1.2465654611587524 18
1580398650759 1.0639463663101196 19
1580398650815 1.00016188621521 20
1580398650869 0.8492606282234192 21
1580398650923 1.2254188060760498 22
1580398650977 0.9813032150268555 23
1580398651032 0.5379233956336975 24
1580398651088 0.6577940583229065 25
1580398651144 0.7970705628395081 26
1580398651200 0.8402637243270874 27
1580398651255 0.6080732941627502 28
1580398651309 0.8166183829307556 29
