1580456999203 0.15384616 0
1580456999264 0.3846154 1
1580456999324 0.6923077 2
1580456999387 0.3846154 3
1580456999449 0.46153846 4
1580456999509 0.53846157 5
1580456999570 0.23076923 6
1580456999633 0.3846154 7
1580456999697 0.61538464 8
1580456999760 0.46153846 9
1580456999823 0.53846157 10
1580456999887 0.7692308 11
1580456999950 0.3846154 12
1580457000013 0.6923077 13
1580457000077 0.61538464 14
1580457000139 0.6923077 15
1580457000200 0.61538464 16
1580457000262 0.3846154 17
1580457000326 0.6923077 18
1580457000390 0.61538464 19
1580457000455 0.6923077 20
1580457000520 0.84615386 21
1580457000585 0.7692308 22
1580457000650 0.84615386 23
1580457000714 0.84615386 24
1580457000778 0.61538464 25
1580457000842 0.9230769 26
1580457000906 0.7692308 27
1580457000971 0.61538464 28
1580457001036 0.9230769 29
