1580456999203 1.390613317489624 0
1580456999264 1.3645161390304565 1
1580456999324 1.2743687629699707 2
1580456999387 1.3147526979446411 3
1580456999449 1.2840144634246826 4
1580456999509 1.1506119966506958 5
1580456999570 1.4976025819778442 6
1580456999633 1.2878119945526123 7
1580456999697 1.2148211002349854 8
1580456999760 1.2195197343826294 9
1580456999823 1.189106822013855 10
1580456999887 1.0353537797927856 11
1580456999950 0.9891423583030701 12
1580457000013 0.8841477632522583 13
1580457000077 1.0641510486602783 14
1580457000139 0.8386032581329346 15
1580457000200 0.8546315431594849 16
1580457000262 1.079871654510498 17
1580457000326 0.9599946141242981 18
1580457000390 0.8120753765106201 19
1580457000455 0.7635356187820435 20
1580457000520 0.7681440114974976 21
1580457000585 0.6575904488563538 22
1580457000650 0.5676912665367126 23
1580457000714 0.5734649300575256 24
1580457000778 0.8147062659263611 25
1580457000842 0.420988529920578 26
1580457000906 0.6874806880950928 27
1580457000971 0.679941713809967 28
1580457001036 0.3741055130958557 29
