1580398848466 0.15384616 0
1580398848518 0.3846154 1
1580398848575 0.30769232 2
1580398848632 0.3846154 3
1580398848690 0.30769232 4
1580398848747 0.53846157 5
1580398848804 0.30769232 6
1580398848862 0.3846154 7
1580398848919 0.61538464 8
1580398848977 0.53846157 9
1580398849034 0.53846157 10
1580398849091 0.53846157 11
1580398849149 0.3846154 12
1580398849207 0.7692308 13
1580398849265 0.53846157 14
1580398849323 0.6923077 15
1580398849382 0.53846157 16
1580398849440 0.84615386 17
1580398849498 0.6923077 18
1580398849556 0.61538464 19
1580398849614 0.7692308 20
1580398849673 0.61538464 21
1580398849731 0.61538464 22
1580398849789 0.84615386 23
1580398849847 0.9230769 24
1580398849905 0.9230769 25
1580398849964 0.7692308 26
1580398850022 0.84615386 27
1580398850081 0.84615386 28
1580398850139 1.0 29
