1580398848466 1.3819867372512817 0
1580398848518 1.3600114583969116 1
1580398848575 1.3837604522705078 2
1580398848632 1.326227068901062 3
1580398848690 1.3333740234375 4
1580398848747 1.2040622234344482 5
1580398848804 1.233160138130188 6
1580398848862 1.3037464618682861 7
1580398848919 1.0465562343597412 8
1580398848977 1.2660413980484009 9
1580398849034 0.9907270669937134 10
1580398849091 0.9551525115966797 11
1580398849149 1.0470764636993408 12
1580398849207 0.7737230062484741 13
1580398849265 0.9137165546417236 14
1580398849323 0.7579771280288696 15
1580398849382 0.8414109945297241 16
1580398849440 0.7997726798057556 17
1580398849498 0.8152257204055786 18
1580398849556 0.8468952178955078 19
1580398849614 0.7124972939491272 20
1580398849673 0.8694264888763428 21
1580398849731 0.6659225225448608 22
1580398849789 0.4320240020751953 23
1580398849847 0.49744555354118347 24
1580398849905 0.3124394118785858 25
1580398849964 0.5956076979637146 26
1580398850022 0.3671455979347229 27
1580398850081 0.5125453472137451 28
1580398850139 0.3475995659828186 29
