1580457012313 0.30769232 0
1580457012372 0.30769232 1
1580457012436 0.3846154 2
1580457012500 0.61538464 3
1580457012561 0.23076923 4
1580457012622 0.53846157 5
1580457012686 0.3846154 6
1580457012750 0.30769232 7
1580457012814 0.3846154 8
1580457012878 0.46153846 9
1580457012941 0.46153846 10
1580457013005 0.46153846 11
1580457013069 0.46153846 12
1580457013134 0.6923077 13
1580457013198 0.84615386 14
1580457013263 0.6923077 15
1580457013327 0.61538464 16
1580457013392 0.7692308 17
1580457013456 0.7692308 18
1580457013520 0.61538464 19
1580457013586 0.6923077 20
1580457013650 0.46153846 21
1580457013713 0.46153846 22
1580457013777 0.6923077 23
1580457013842 0.61538464 24
1580457013906 0.9230769 25
1580457013971 0.6923077 26
1580457014036 0.9230769 27
1580457014101 0.61538464 28
1580457014165 0.84615386 29
