1580457012313 1.3944175243377686 0
1580457012372 21.096956253051758 1
1580457012436 26.70263671875 2
1580457012500 7.153717041015625 3
1580457012561 4.550771236419678 4
1580457012622 1.4735356569290161 5
1580457012686 2.0532000064849854 6
1580457012750 3.0034422874450684 7
1580457012814 1.2244088649749756 8
1580457012878 1.014924168586731 9
1580457012941 1.2019257545471191 10
1580457013005 0.9209151864051819 11
1580457013069 1.003579020500183 12
1580457013134 0.8482404947280884 13
1580457013198 0.7347570657730103 14
1580457013263 0.6743336915969849 15
1580457013327 0.6379398703575134 16
1580457013392 0.45265263319015503 17
1580457013456 0.5062780976295471 18
1580457013520 0.901591956615448 19
1580457013586 0.5402309894561768 20
1580457013650 0.9171346426010132 21
1580457013713 0.8772204518318176 22
1580457013777 0.5215194821357727 23
1580457013842 0.7144312262535095 24
1580457013906 0.406575471162796 25
1580457013971 0.5368464589118958 26
1580457014036 0.4100448787212372 27
1580457014101 0.7626581788063049 28
1580457014165 0.4145881235599518 29
