1580398685115 0.23076923 0
1580398685169 0.30769232 1
1580398685225 0.30769232 2
1580398685279 0.30769232 3
1580398685334 0.30769232 4
1580398685388 0.23076923 5
1580398685443 0.3846154 6
1580398685497 0.61538464 7
1580398685552 0.61538464 8
1580398685608 0.6923077 9
1580398685664 0.84615386 10
1580398685721 0.6923077 11
1580398685776 0.6923077 12
1580398685830 0.7692308 13
1580398685885 0.84615386 14
1580398685941 0.84615386 15
1580398685996 0.6923077 16
1580398686051 0.9230769 17
1580398686106 0.6923077 18
1580398686161 0.7692308 19
1580398686216 0.7692308 20
1580398686272 0.84615386 21
1580398686327 0.84615386 22
1580398686381 0.9230769 23
1580398686438 0.6923077 24
1580398686493 1.0 25
1580398686549 1.0 26
1580398686604 0.9230769 27
1580398686659 0.9230769 28
1580398686714 0.9230769 29
