1580398685115 1.3996245861053467 0
1580398685169 21.09373664855957 1
1580398685225 60.749107360839844 2
1580398685279 22.33724594116211 3
1580398685334 9.491988182067871 4
1580398685388 6.610602855682373 5
1580398685443 4.389615058898926 6
1580398685497 1.2375729084014893 7
1580398685552 1.7450448274612427 8
1580398685608 0.5300078988075256 9
1580398685664 0.44977429509162903 10
1580398685721 0.7325546741485596 11
1580398685776 0.40730857849121094 12
1580398685830 0.47321876883506775 13
1580398685885 0.282375305891037 14
1580398685941 0.33961713314056396 15
1580398685996 0.767125129699707 16
1580398686051 0.3368641138076782 17
1580398686106 0.7617332935333252 18
1580398686161 0.5154564380645752 19
1580398686216 0.6238526701927185 20
1580398686272 0.22806644439697266 21
1580398686327 0.5271164178848267 22
1580398686381 0.3122105598449707 23
1580398686438 0.5658466815948486 24
1580398686493 0.15088224411010742 25
1580398686549 0.15112286806106567 26
1580398686604 0.37655875086784363 27
1580398686659 0.33723652362823486 28
1580398686714 0.2893603444099426 29
