1580398941586 0.30769232 0
1580398941640 0.30769232 1
1580398941699 0.46153846 2
1580398941759 0.53846157 3
1580398941819 0.46153846 4
1580398941880 0.46153846 5
1580398941940 0.30769232 6
1580398942000 0.23076923 7
1580398942061 0.46153846 8
1580398942123 0.46153846 9
1580398942185 0.6923077 10
1580398942247 0.61538464 11
1580398942309 0.61538464 12
1580398942370 0.7692308 13
1580398942430 0.61538464 14
1580398942491 0.53846157 15
1580398942550 0.61538464 16
1580398942611 0.46153846 17
1580398942671 0.61538464 18
1580398942732 0.84615386 19
1580398942793 0.7692308 20
1580398942854 0.84615386 21
1580398942914 0.7692308 22
1580398942974 0.84615386 23
1580398943035 0.6923077 24
1580398943095 0.61538464 25
1580398943155 0.7692308 26
1580398943222 0.84615386 27
1580398943284 0.7692308 28
1580398943344 0.7692308 29
