1580398941586 1.3800657987594604 0
1580398941640 1.3722379207611084 1
1580398941699 1.2807832956314087 2
1580398941759 1.2168699502944946 3
1580398941819 1.2460225820541382 4
1580398941880 1.0815637111663818 5
1580398941940 1.4850915670394897 6
1580398942000 1.3597215414047241 7
1580398942061 1.1910221576690674 8
1580398942123 1.0507144927978516 9
1580398942185 0.933172881603241 10
1580398942247 0.9214853048324585 11
1580398942309 1.0168017148971558 12
1580398942370 0.8137295842170715 13
1580398942430 0.7971239686012268 14
1580398942491 0.9141661524772644 15
1580398942550 0.7671164870262146 16
1580398942611 1.0500127077102661 17
1580398942671 0.8175002336502075 18
1580398942732 0.5622879862785339 19
1580398942793 0.6267406940460205 20
1580398942854 0.6026818156242371 21
1580398942914 0.4716182053089142 22
1580398942974 0.47604385018348694 23
1580398943035 0.5203577280044556 24
1580398943095 0.6211318969726562 25
1580398943155 0.6584988236427307 26
1580398943222 0.4561614990234375 27
1580398943284 0.8205695748329163 28
1580398943344 0.5397348999977112 29
