1580457030336 0.23076923 0
1580457030396 0.3846154 1
1580457030461 0.3846154 2
1580457030526 0.46153846 3
1580457030591 0.30769232 4
1580457030658 0.30769232 5
1580457030757 0.3846154 6
1580457030852 0.46153846 7
1580457030947 0.30769232 8
1580457031042 0.3846154 9
1580457031137 0.61538464 10
1580457031232 0.61538464 11
1580457031327 0.61538464 12
1580457031422 0.61538464 13
1580457031517 0.7692308 14
1580457031612 0.46153846 15
1580457031708 0.61538464 16
1580457031803 0.6923077 17
1580457031899 0.46153846 18
1580457031994 0.7692308 19
1580457032090 0.6923077 20
1580457032186 0.84615386 21
1580457032282 0.84615386 22
1580457032377 0.6923077 23
1580457032473 0.7692308 24
1580457032570 0.61538464 25
1580457032671 0.9230769 26
1580457032767 0.6923077 27
1580457032863 0.61538464 28
1580457032959 0.6923077 29
