1580457030336 1.427024006843567 0
1580457030396 1.3584420680999756 1
1580457030461 1.3082491159439087 2
1580457030526 1.2434836626052856 3
1580457030591 1.289951205253601 4
1580457030658 1.2306746244430542 5
1580457030757 1.2044346332550049 6
1580457030852 1.1978965997695923 7
1580457030947 1.2993674278259277 8
1580457031042 1.1180968284606934 9
1580457031137 1.0335643291473389 10
1580457031232 0.9780537486076355 11
1580457031327 1.0183581113815308 12
1580457031422 0.8133750557899475 13
1580457031517 0.8268300294876099 14
1580457031612 1.0082802772521973 15
1580457031708 0.9269417524337769 16
1580457031803 0.7587403655052185 17
1580457031899 0.9875021576881409 18
1580457031994 0.7484633326530457 19
1580457032090 0.6389026641845703 20
1580457032186 0.6445206999778748 21
1580457032282 0.6979380249977112 22
1580457032377 0.8609554767608643 23
1580457032473 0.5852043628692627 24
1580457032570 0.6308932900428772 25
1580457032671 0.4160846471786499 26
1580457032767 0.4948965907096863 27
1580457032863 0.6205240488052368 28
1580457032959 0.5575865507125854 29
