1580398886768 0.15384616 0
1580398886823 0.15384616 1
1580398886883 0.30769232 2
1580398886943 0.30769232 3
1580398887003 0.23076923 4
1580398887063 0.15384616 5
1580398887123 0.46153846 6
1580398887182 0.53846157 7
1580398887241 0.3846154 8
1580398887300 0.3846154 9
1580398887359 0.3846154 10
1580398887418 0.53846157 11
1580398887478 0.30769232 12
1580398887538 0.61538464 13
1580398887596 0.53846157 14
1580398887655 0.53846157 15
1580398887714 0.53846157 16
1580398887774 0.84615386 17
1580398887833 0.46153846 18
1580398887892 0.6923077 19
1580398887951 0.6923077 20
1580398888010 0.53846157 21
1580398888069 0.6923077 22
1580398888129 0.61538464 23
1580398888188 0.61538464 24
1580398888246 0.53846157 25
1580398888305 0.7692308 26
1580398888366 0.61538464 27
1580398888425 0.7692308 28
1580398888485 0.7692308 29
