1580398886768 1.4531571865081787 0
1580398886823 1.4064650535583496 1
1580398886883 1.365661859512329 2
1580398886943 1.3427042961120605 3
1580398887003 1.3394173383712769 4
1580398887063 1.3790119886398315 5
1580398887123 1.323301076889038 6
1580398887182 1.298425555229187 7
1580398887241 1.2970551252365112 8
1580398887300 1.2756940126419067 9
1580398887359 1.3032842874526978 10
1580398887418 1.2798538208007812 11
1580398887478 1.3124243021011353 12
1580398887538 1.2238467931747437 13
1580398887596 1.174105167388916 14
1580398887655 1.1997584104537964 15
1580398887714 1.1789071559906006 16
1580398887774 0.9659655690193176 17
1580398887833 1.089548110961914 18
1580398887892 1.0017211437225342 19
1580398887951 0.9884070754051208 20
1580398888010 1.1420009136199951 21
1580398888069 0.8948019742965698 22
1580398888129 1.0285346508026123 23
1580398888188 1.1272639036178589 24
1580398888246 0.9306733012199402 25
1580398888305 0.7450215220451355 26
1580398888366 0.950931966304779 27
1580398888425 0.7528207302093506 28
1580398888485 0.6844911575317383 29
