1580398740505 0.3846154 0
1580398740559 0.23076923 1
1580398740615 0.46153846 2
1580398740671 0.23076923 3
1580398740727 0.46153846 4
1580398740783 0.46153846 5
1580398740840 0.3846154 6
1580398740896 0.61538464 7
1580398740951 0.53846157 8
1580398741008 0.46153846 9
1580398741064 0.7692308 10
1580398741120 0.53846157 11
1580398741175 0.53846157 12
1580398741233 0.53846157 13
1580398741290 0.61538464 14
1580398741347 0.6923077 15
1580398741403 0.61538464 16
1580398741459 0.61538464 17
1580398741515 0.6923077 18
1580398741571 0.61538464 19
1580398741628 0.61538464 20
1580398741683 0.84615386 21
1580398741739 0.7692308 22
1580398741797 0.84615386 23
1580398741855 0.6923077 24
1580398741913 0.84615386 25
1580398741971 0.7692308 26
1580398742030 0.9230769 27
1580398742088 0.6923077 28
1580398742146 0.9230769 29
