1580398740505 1.4038009643554688 0
1580398740559 1.371196985244751 1
1580398740615 1.3442240953445435 2
1580398740671 1.3699041604995728 3
1580398740727 1.3557085990905762 4
1580398740783 1.2979509830474854 5
1580398740840 1.321336269378662 6
1580398740896 1.2665742635726929 7
1580398740951 1.2662328481674194 8
1580398741008 1.248669147491455 9
1580398741064 1.0957077741622925 10
1580398741120 1.2034096717834473 11
1580398741175 1.2296721935272217 12
1580398741233 1.0845392942428589 13
1580398741290 1.0555646419525146 14
1580398741347 1.0349090099334717 15
1580398741403 1.1162203550338745 16
1580398741459 1.1067849397659302 17
1580398741515 0.9305984973907471 18
1580398741571 1.009260654449463 19
1580398741628 0.9691161513328552 20
1580398741683 0.7481836080551147 21
1580398741739 0.8394318222999573 22
1580398741797 0.8378709554672241 23
1580398741855 0.7987258434295654 24
1580398741913 0.7065172791481018 25
1580398741971 0.7885109782218933 26
1580398742030 0.6451332569122314 27
1580398742088 0.8099900484085083 28
1580398742146 0.507415771484375 29
