1580456962940 0.30769232 0
1580456962998 0.3846154 1
1580456963060 0.30769232 2
1580456963121 0.3846154 3
1580456963183 0.46153846 4
1580456963246 0.46153846 5
1580456963306 0.46153846 6
1580456963367 0.46153846 7
1580456963427 0.30769232 8
1580456963493 0.3846154 9
1580456963554 0.7692308 10
1580456963616 0.6923077 11
1580456963679 0.61538464 12
1580456963742 0.46153846 13
1580456963803 0.53846157 14
1580456963865 0.53846157 15
1580456963928 0.53846157 16
1580456963993 0.6923077 17
1580456964090 0.61538464 18
1580456964183 0.53846157 19
1580456964276 0.61538464 20
1580456964370 0.46153846 21
1580456964464 0.9230769 22
1580456964559 0.6923077 23
1580456964658 0.53846157 24
1580456964754 0.61538464 25
1580456964855 0.9230769 26
1580456964950 0.7692308 27
1580456965045 0.61538464 28
1580456965139 0.6923077 29
