1580456962940 1.3938432931900024 0
1580456962998 1.354140043258667 1
1580456963060 1.276442289352417 2
1580456963121 1.2491110563278198 3
1580456963183 1.2159044742584229 4
1580456963246 1.1989247798919678 5
1580456963306 1.4554072618484497 6
1580456963367 1.2399529218673706 7
1580456963427 1.281799077987671 8
1580456963493 1.2425124645233154 9
1580456963554 0.9807119965553284 10
1580456963616 0.9560543894767761 11
1580456963679 0.7962127327919006 12
1580456963742 0.8843150734901428 13
1580456963803 1.0662356615066528 14
1580456963865 0.7777919769287109 15
1580456963928 0.9358685612678528 16
1580456963993 0.6434043049812317 17
1580456964090 0.6791064739227295 18
1580456964183 0.845051109790802 19
1580456964276 0.8601359128952026 20
1580456964370 0.9581700563430786 21
1580456964464 0.740013062953949 22
1580456964559 0.5981998443603516 23
1580456964658 0.6283625960350037 24
1580456964754 0.7599591612815857 25
1580456964855 0.28514963388442993 26
1580456964950 0.578967809677124 27
1580456965045 0.9009618163108826 28
1580456965139 0.6560094356536865 29
