1580456979193 0.46153846 0
1580456979250 0.3846154 1
1580456979312 0.30769232 2
1580456979375 0.23076923 3
1580456979435 0.3846154 4
1580456979498 0.46153846 5
1580456979558 0.3846154 6
1580456979619 0.46153846 7
1580456979680 0.53846157 8
1580456979742 0.61538464 9
1580456979805 0.53846157 10
1580456979869 0.53846157 11
1580456979933 0.53846157 12
1580456979996 0.6923077 13
1580456980061 0.6923077 14
1580456980124 0.7692308 15
1580456980187 0.61538464 16
1580456980251 0.53846157 17
1580456980315 0.53846157 18
1580456980378 0.84615386 19
1580456980439 0.84615386 20
1580456980502 0.61538464 21
1580456980566 0.6923077 22
1580456980628 1.0 23
1580456980690 0.61538464 24
1580456980755 0.84615386 25
1580456980819 0.84615386 26
1580456980883 0.7692308 27
1580456980946 0.9230769 28
1580456981010 1.0 29
