1580456979193 1.3482927083969116 0
1580456979250 1.3503984212875366 1
1580456979312 1.360237717628479 2
1580456979375 1.3408427238464355 3
1580456979435 1.2707329988479614 4
1580456979498 1.2289097309112549 5
1580456979558 1.3717585802078247 6
1580456979619 1.1247700452804565 7
1580456979680 1.047323226928711 8
1580456979742 1.067893147468567 9
1580456979805 1.0997471809387207 10
1580456979869 0.9830251932144165 11
1580456979933 0.8941085338592529 12
1580456979996 0.8793323040008545 13
1580456980061 0.8882386088371277 14
1580456980124 0.6017223596572876 15
1580456980187 0.7288883924484253 16
1580456980251 0.7225272059440613 17
1580456980315 0.8240514993667603 18
1580456980378 0.5614318251609802 19
1580456980439 0.597657322883606 20
1580456980502 0.7056744694709778 21
1580456980566 0.5435785055160522 22
1580456980628 0.3128199875354767 23
1580456980690 0.6020068526268005 24
1580456980755 0.31640493869781494 25
1580456980819 0.40388426184654236 26
1580456980883 0.5714607238769531 27
1580456980946 0.29037344455718994 28
1580456981010 0.2389529049396515 29
