1580457042244 0.3846154 0
1580457042301 0.46153846 1
1580457042363 0.30769232 2
1580457042424 0.46153846 3
1580457042486 0.3846154 4
1580457042547 0.53846157 5
1580457042608 0.53846157 6
1580457042672 0.53846157 7
1580457042734 0.53846157 8
1580457042795 0.6923077 9
1580457042860 0.15384616 10
1580457042921 0.46153846 11
1580457042985 0.61538464 12
1580457043048 0.53846157 13
1580457043110 0.61538464 14
1580457043172 0.6923077 15
1580457043234 0.61538464 16
1580457043298 0.84615386 17
1580457043365 0.6923077 18
1580457043465 0.7692308 19
1580457043560 0.7692308 20
1580457043656 0.7692308 21
1580457043752 0.6923077 22
1580457043848 0.84615386 23
1580457043943 0.9230769 24
1580457044039 0.6923077 25
1580457044135 0.84615386 26
1580457044231 0.9230769 27
1580457044327 0.84615386 28
1580457044424 0.9230769 29
