1580457042244 1.3908048868179321 0
1580457042301 1.3626879453659058 1
1580457042363 1.3929417133331299 2
1580457042424 1.3086280822753906 3
1580457042486 1.2905113697052002 4
1580457042547 1.2157937288284302 5
1580457042608 1.2298249006271362 6
1580457042672 1.1304377317428589 7
1580457042734 1.1545063257217407 8
1580457042795 0.9845393896102905 9
1580457042860 1.34226655960083 10
1580457042921 1.1364909410476685 11
1580457042985 0.8596035838127136 12
1580457043048 1.1638903617858887 13
1580457043110 0.8073434829711914 14
1580457043172 0.7930932641029358 15
1580457043234 0.7126318216323853 16
1580457043298 0.7946315407752991 17
1580457043365 0.7590417265892029 18
1580457043465 0.6822198033332825 19
1580457043560 0.5333542823791504 20
1580457043656 0.6602000594139099 21
1580457043752 0.6008347272872925 22
1580457043848 0.45579665899276733 23
1580457043943 0.6368137001991272 24
1580457044039 0.5686658024787903 25
1580457044135 0.38503220677375793 26
1580457044231 0.24194662272930145 27
1580457044327 0.3476863503456116 28
1580457044424 0.26151397824287415 29
