1580398792284 0.3846154 0
1580398792335 0.46153846 1
1580398792394 0.30769232 2
1580398792454 0.30769232 3
1580398792515 0.30769232 4
1580398792573 0.53846157 5
1580398792632 0.53846157 6
1580398792690 0.61538464 7
1580398792748 0.46153846 8
1580398792805 0.6923077 9
1580398792861 0.61538464 10
1580398792920 0.53846157 11
1580398792976 0.23076923 12
1580398793033 0.30769232 13
1580398793091 0.46153846 14
1580398793149 0.53846157 15
1580398793207 0.3846154 16
1580398793264 0.30769232 17
1580398793321 0.46153846 18
1580398793380 0.53846157 19
1580398793437 0.3846154 20
1580398793495 0.53846157 21
1580398793552 0.3846154 22
1580398793609 0.15384616 23
1580398793666 0.46153846 24
1580398793725 0.30769232 25
1580398793783 0.30769232 26
1580398793841 0.46153846 27
1580398793900 0.3846154 28
1580398793992 0.53846157 29
