1580398792284 1.3681951761245728 0
1580398792335 1.3157795667648315 1
1580398792394 1.4128092527389526 2
1580398792454 1.3854464292526245 3
1580398792515 1.4191651344299316 4
1580398792573 1.1823607683181763 5
1580398792632 1.1148778200149536 6
1580398792690 1.048122763633728 7
1580398792748 1.1060255765914917 8
1580398792805 0.8231388926506042 9
1580398792861 0.8970053791999817 10
1580398792920 1.3110650777816772 11
1580398792976 2.7833192348480225 12
1580398793033 1.669129729270935 13
1580398793091 1.7124285697937012 14
1580398793149 1.2016737461090088 15
1580398793207 1.3209760189056396 16
1580398793264 1.6251921653747559 17
1580398793321 1.2103793621063232 18
1580398793380 1.061102032661438 19
1580398793437 1.0935487747192383 20
1580398793495 1.2727593183517456 21
1580398793552 1.5430283546447754 22
1580398793609 1.3390675783157349 23
1580398793666 1.0876985788345337 24
1580398793725 1.1442768573760986 25
1580398793783 1.3749711513519287 26
1580398793841 1.1734040975570679 27
1580398793900 1.190255045890808 28
1580398793992 0.9634867310523987 29
