1580398694393 0.30769232 0
1580398694448 0.3846154 1
1580398694502 0.30769232 2
1580398694556 0.15384616 3
1580398694611 0.15384616 4
1580398694665 0.30769232 5
1580398694720 0.30769232 6
1580398694776 0.30769232 7
1580398694831 0.30769232 8
1580398694886 0.46153846 9
1580398694941 0.30769232 10
1580398694995 0.46153846 11
1580398695052 0.3846154 12
1580398695108 0.46153846 13
1580398695165 0.3846154 14
1580398695222 0.3846154 15
1580398695276 0.46153846 16
1580398695332 0.30769232 17
1580398695387 0.46153846 18
1580398695445 0.46153846 19
1580398695503 0.30769232 20
1580398695561 0.30769232 21
1580398695620 0.53846157 22
1580398695678 0.46153846 23
1580398695735 0.46153846 24
1580398695792 0.3846154 25
1580398695849 0.53846157 26
1580398695906 0.61538464 27
1580398695963 0.46153846 28
1580398696019 0.46153846 29
