1580398694393 1.4430580139160156 0
1580398694448 169.59190368652344 1
1580398694502 168.96910095214844 2
1580398694556 154.29515075683594 3
1580398694611 77.19963073730469 4
1580398694665 5.2452497482299805 5
1580398694720 1.7384599447250366 6
1580398694776 2.0289132595062256 7
1580398694831 1.2693413496017456 8
1580398694886 1.0387629270553589 9
1580398694941 1.2713637351989746 10
1580398694995 1.0453006029129028 11
1580398695052 1.1848901510238647 12
1580398695108 1.0387637615203857 13
1580398695165 1.186920166015625 14
1580398695222 1.2639648914337158 15
1580398695276 1.0360143184661865 16
1580398695332 1.349992036819458 17
1580398695387 0.9027947783470154 18
1580398695445 1.120473861694336 19
1580398695503 1.1877081394195557 20
1580398695561 1.3777594566345215 21
1580398695620 1.0127452611923218 22
1580398695678 1.0758764743804932 23
1580398695735 1.0471447706222534 24
1580398695792 1.1831523180007935 25
1580398695849 0.9313387274742126 26
1580398695906 0.7843377590179443 27
1580398695963 1.0991733074188232 28
1580398696019 0.9270471334457397 29
