1580398893545 0.3846154 0
1580398893599 0.30769232 1
1580398893657 0.3846154 2
1580398893716 0.3846154 3
1580398893775 0.53846157 4
1580398893832 0.46153846 5
1580398893891 0.3846154 6
1580398893949 0.3846154 7
1580398894008 0.7692308 8
1580398894066 0.3846154 9
1580398894125 0.6923077 10
1580398894183 0.61538464 11
1580398894242 0.53846157 12
1580398894300 0.53846157 13
1580398894358 0.53846157 14
1580398894417 0.84615386 15
1580398894476 0.61538464 16
1580398894535 0.6923077 17
1580398894595 0.6923077 18
1580398894654 0.61538464 19
1580398894714 0.6923077 20
1580398894773 0.7692308 21
1580398894832 0.84615386 22
1580398894891 0.6923077 23
1580398894950 0.7692308 24
1580398895009 0.9230769 25
1580398895068 0.6923077 26
1580398895127 1.0 27
1580398895186 0.84615386 28
1580398895245 0.84615386 29
