1580398893545 1.3007804155349731 0
1580398893599 1.4058444499969482 1
1580398893657 1.3301016092300415 2
1580398893716 1.3133825063705444 3
1580398893775 1.4700713157653809 4
1580398893832 1.2968000173568726 5
1580398893891 1.2867541313171387 6
1580398893949 1.263342022895813 7
1580398894008 1.132946491241455 8
1580398894066 1.1549856662750244 9
1580398894125 1.0880820751190186 10
1580398894183 1.0806657075881958 11
1580398894242 1.1736693382263184 12
1580398894300 1.1978650093078613 13
1580398894358 1.0889283418655396 14
1580398894417 0.8394850492477417 15
1580398894476 1.026657223701477 16
1580398894535 0.8499723672866821 17
1580398894595 0.885736882686615 18
1580398894654 0.9401729106903076 19
1580398894714 0.8133335113525391 20
1580398894773 0.6600505113601685 21
1580398894832 0.6483583450317383 22
1580398894891 0.8102132081985474 23
1580398894950 0.6332188844680786 24
1580398895009 0.6223434209823608 25
1580398895068 0.6570799946784973 26
1580398895127 0.4063972234725952 27
1580398895186 0.4947357475757599 28
1580398895245 0.6180537343025208 29
