1580398735068 0.3846154 0
1580398735118 0.30769232 1
1580398735174 0.46153846 2
1580398735231 0.23076923 3
1580398735288 0.46153846 4
1580398735344 0.46153846 5
1580398735401 0.3846154 6
1580398735458 0.46153846 7
1580398735514 0.30769232 8
1580398735571 0.3846154 9
1580398735627 0.53846157 10
1580398735684 0.6923077 11
1580398735740 0.61538464 12
1580398735798 0.6923077 13
1580398735855 0.46153846 14
1580398735913 0.84615386 15
1580398735971 0.61538464 16
1580398736029 0.46153846 17
1580398736085 0.7692308 18
1580398736142 0.7692308 19
1580398736198 0.7692308 20
1580398736255 0.6923077 21
1580398736311 0.61538464 22
1580398736368 0.7692308 23
1580398736425 0.84615386 24
1580398736485 0.84615386 25
1580398736576 0.84615386 26
1580398736663 0.9230769 27
1580398736750 0.7692308 28
1580398736836 0.53846157 29
