1580398735068 1.3651295900344849 0
1580398735118 1.4258842468261719 1
1580398735174 1.3537158966064453 2
1580398735231 1.4096745252609253 3
1580398735288 1.3404464721679688 4
1580398735344 1.2119650840759277 5
1580398735401 1.2497038841247559 6
1580398735458 1.2659727334976196 7
1580398735514 1.2905904054641724 8
1580398735571 1.316200852394104 9
1580398735627 1.1090152263641357 10
1580398735684 0.9810782074928284 11
1580398735740 0.8938025236129761 12
1580398735798 0.7795620560646057 13
1580398735855 0.8901537656784058 14
1580398735913 0.5650991201400757 15
1580398735971 0.8969184160232544 16
1580398736029 0.8691898584365845 17
1580398736085 0.7153745889663696 18
1580398736142 0.5908743739128113 19
1580398736198 0.44147682189941406 20
1580398736255 0.5785472393035889 21
1580398736311 0.8491891622543335 22
1580398736368 0.7091197967529297 23
1580398736425 0.43589967489242554 24
1580398736485 0.48070377111434937 25
1580398736576 0.5494192838668823 26
1580398736663 0.3081718981266022 27
1580398736750 0.7915941476821899 28
1580398736836 0.7667896747589111 29
