1580398800197 0.30769232 0
1580398800251 0.30769232 1
1580398800308 0.46153846 2
1580398800365 0.30769232 3
1580398800422 0.23076923 4
1580398800481 0.30769232 5
1580398800571 0.3846154 6
1580398800658 0.30769232 7
1580398800744 0.23076923 8
1580398800831 0.3846154 9
1580398800918 0.3846154 10
1580398801006 0.30769232 11
1580398801092 0.46153846 12
1580398801180 0.46153846 13
1580398801267 0.3846154 14
1580398801359 0.7692308 15
1580398801447 0.46153846 16
1580398801534 0.3846154 17
1580398801622 0.61538464 18
1580398801710 0.46153846 19
1580398801797 0.3846154 20
1580398801885 0.61538464 21
1580398801972 0.46153846 22
1580398802059 0.53846157 23
1580398802145 0.30769232 24
1580398802237 0.7692308 25
1580398802327 0.61538464 26
1580398802414 0.53846157 27
1580398802502 0.61538464 28
1580398802590 0.53846157 29
