1580398800197 1.3758076429367065 0
1580398800251 1.3508803844451904 1
1580398800308 1.33926260471344 2
1580398800365 1.359688401222229 3
1580398800422 1.3573812246322632 4
1580398800481 1.352972149848938 5
1580398800571 1.3176345825195312 6
1580398800658 1.3040492534637451 7
1580398800744 1.3185678720474243 8
1580398800831 1.2461540699005127 9
1580398800918 1.3092834949493408 10
1580398801006 1.3899762630462646 11
1580398801092 1.2394468784332275 12
1580398801180 1.2751259803771973 13
1580398801267 1.3513520956039429 14
1580398801359 1.1269725561141968 15
1580398801447 1.1899250745773315 16
1580398801534 1.3320767879486084 17
1580398801622 1.221235990524292 18
1580398801710 1.3170697689056396 19
1580398801797 1.3621490001678467 20
1580398801885 1.1412568092346191 21
1580398801972 1.198609471321106 22
1580398802059 1.153082251548767 23
1580398802145 1.2873715162277222 24
1580398802237 1.1679651737213135 25
1580398802327 1.1914509534835815 26
1580398802414 1.0950896739959717 27
1580398802502 1.081278681755066 28
1580398802590 1.0283820629119873 29
