1580398530791 0.30769232 0
1580398530838 0.46153846 1
1580398530890 0.46153846 2
1580398530943 0.53846157 3
1580398530994 0.53846157 4
1580398531046 0.53846157 5
1580398531098 0.46153846 6
1580398531150 0.61538464 7
1580398531201 0.61538464 8
1580398531254 0.53846157 9
1580398531305 0.61538464 10
1580398531357 0.46153846 11
1580398531409 0.46153846 12
1580398531462 0.53846157 13
1580398531514 0.61538464 14
1580398531566 0.7692308 15
1580398531619 0.6923077 16
1580398531671 0.53846157 17
1580398531724 0.61538464 18
1580398531775 0.6923077 19
1580398531826 0.9230769 20
1580398531878 0.84615386 21
1580398531959 0.7692308 22
1580398532036 0.6923077 23
1580398532115 0.6923077 24
1580398532197 0.84615386 25
1580398532274 0.84615386 26
1580398532351 0.6923077 27
1580398532427 0.84615386 28
1580398532504 0.61538464 29
