1580398530791 1.4032189846038818 0
1580398530838 1.3697853088378906 1
1580398530890 1.3502062559127808 2
1580398530943 1.3255908489227295 3
1580398530994 1.3104817867279053 4
1580398531046 1.3098328113555908 5
1580398531098 1.2312467098236084 6
1580398531150 1.150449275970459 7
1580398531201 1.1242228746414185 8
1580398531254 1.1439954042434692 9
1580398531305 1.0645654201507568 10
1580398531357 1.3008711338043213 11
1580398531409 1.1364270448684692 12
1580398531462 1.1699661016464233 13
1580398531514 0.9786175489425659 14
1580398531566 0.8768753409385681 15
1580398531619 0.8397416472434998 16
1580398531671 1.0003159046173096 17
1580398531724 0.920665442943573 18
1580398531775 0.7806985378265381 19
1580398531826 0.6705490946769714 20
1580398531878 0.5767678022384644 21
1580398531959 0.7211182117462158 22
1580398532036 0.926643967628479 23
1580398532115 0.813677191734314 24
1580398532197 0.5021517276763916 25
1580398532274 0.5558022260665894 26
1580398532351 1.002307653427124 27
1580398532427 0.49187448620796204 28
1580398532504 1.182173490524292 29
