1580398777905 0.23076923 0
1580398777957 0.15384616 1
1580398778015 0.23076923 2
1580398778073 0.23076923 3
1580398778131 0.30769232 4
1580398778189 0.30769232 5
1580398778247 0.3846154 6
1580398778305 0.3846154 7
1580398778364 0.53846157 8
1580398778423 0.3846154 9
1580398778481 0.3846154 10
1580398778540 0.61538464 11
1580398778598 0.30769232 12
1580398778656 0.46153846 13
1580398778715 0.53846157 14
1580398778773 0.53846157 15
1580398778831 0.53846157 16
1580398778887 0.53846157 17
1580398778944 0.7692308 18
1580398779000 0.7692308 19
1580398779059 0.61538464 20
1580398779118 0.84615386 21
1580398779177 0.6923077 22
1580398779236 0.53846157 23
1580398779295 0.61538464 24
1580398779354 0.46153846 25
1580398779413 0.6923077 26
1580398779472 0.6923077 27
1580398779532 0.46153846 28
1580398779592 0.53846157 29
