1580398777905 1.423966884613037 0
1580398777957 1.3744843006134033 1
1580398778015 1.399106502532959 2
1580398778073 1.3186595439910889 3
1580398778131 1.4373981952667236 4
1580398778189 1.3262118101119995 5
1580398778247 1.3278465270996094 6
1580398778305 1.3254019021987915 7
1580398778364 1.2064788341522217 8
1580398778423 1.133697271347046 9
1580398778481 1.1358762979507446 10
1580398778540 0.8865417838096619 11
1580398778598 1.0541245937347412 12
1580398778656 0.9895918965339661 13
1580398778715 0.8341972827911377 14
1580398778773 0.8072260618209839 15
1580398778831 1.0408604145050049 16
1580398778887 0.8853645324707031 17
1580398778944 0.777807891368866 18
1580398779000 0.6909629106521606 19
1580398779059 0.7930607199668884 20
1580398779118 0.6156653165817261 21
1580398779177 0.8524650931358337 22
1580398779236 1.0154093503952026 23
1580398779295 0.8411195278167725 24
1580398779354 0.9884925484657288 25
1580398779413 0.6608229279518127 26
1580398779472 0.6156902313232422 27
1580398779532 1.4474718570709229 28
1580398779592 0.6854609251022339 29
