1580398581440 0.23076923 0
1580398581488 0.23076923 1
1580398581542 0.3846154 2
1580398581595 0.07692308 3
1580398581649 0.3846154 4
1580398581703 0.3846154 5
1580398581756 0.53846157 6
1580398581810 0.53846157 7
1580398581861 0.6923077 8
1580398581913 0.3846154 9
1580398581965 0.6923077 10
1580398582016 0.9230769 11
1580398582068 0.9230769 12
1580398582120 0.6923077 13
1580398582172 0.61538464 14
1580398582226 0.61538464 15
1580398582280 0.53846157 16
1580398582332 0.61538464 17
1580398582384 0.61538464 18
1580398582437 0.53846157 19
1580398582489 0.7692308 20
1580398582541 0.7692308 21
1580398582594 0.9230769 22
1580398582646 0.7692308 23
1580398582699 0.84615386 24
1580398582752 0.6923077 25
1580398582804 0.7692308 26
1580398582859 0.46153846 27
1580398582914 0.7692308 28
1580398582999 0.84615386 29
