1580398581440 1.403058409690857 0
1580398581488 273.8159484863281 1
1580398581542 186.41664123535156 2
1580398581595 203.23654174804688 3
1580398581649 35.908958435058594 4
1580398581703 33.941593170166016 5
1580398581756 9.743056297302246 6
1580398581810 0.9823748469352722 7
1580398581861 1.0504183769226074 8
1580398581913 1.2020522356033325 9
1580398581965 0.8070158362388611 10
1580398582016 0.3632509112358093 11
1580398582068 0.27986961603164673 12
1580398582120 0.8972839713096619 13
1580398582172 1.139899730682373 14
1580398582226 1.0267024040222168 15
1580398582280 1.0285351276397705 16
1580398582332 0.7610214948654175 17
1580398582384 0.7030616998672485 18
1580398582437 0.6699548363685608 19
1580398582489 0.35305100679397583 20
1580398582541 0.5129492878913879 21
1580398582594 0.20745842158794403 22
1580398582646 0.5041691660881042 23
1580398582699 0.315860390663147 24
1580398582752 0.8518839478492737 25
1580398582804 0.5908867716789246 26
1580398582859 1.1488169431686401 27
1580398582914 0.5154435634613037 28
1580398582999 0.5032168030738831 29
