1580457060927 0.30769232 0
1580457060987 0.23076923 1
1580457061053 0.3846154 2
1580457061114 0.15384616 3
1580457061177 0.23076923 4
1580457061240 0.23076923 5
1580457061304 0.30769232 6
1580457061369 0.15384616 7
1580457061434 0.3846154 8
1580457061499 0.30769232 9
1580457061563 0.30769232 10
1580457061627 0.46153846 11
1580457061690 0.53846157 12
1580457061756 0.23076923 13
1580457061857 0.3846154 14
1580457061960 0.30769232 15
1580457062056 0.23076923 16
1580457062152 0.30769232 17
1580457062248 0.3846154 18
1580457062344 0.30769232 19
1580457062441 0.3846154 20
1580457062543 0.3846154 21
1580457062640 0.15384616 22
1580457062736 0.15384616 23
1580457062833 0.23076923 24
1580457062930 0.23076923 25
1580457063029 0.30769232 26
1580457063130 0.30769232 27
1580457063227 0.3846154 28
1580457063324 0.07692308 29
