1580457060927 1.3521265983581543 0
1580457060987 1.4200654029846191 1
1580457061053 1.3610339164733887 2
1580457061114 1.3556723594665527 3
1580457061177 1.388134479522705 4
1580457061240 1.3590844869613647 5
1580457061304 1.3823853731155396 6
1580457061369 1.3605964183807373 7
1580457061434 1.3459949493408203 8
1580457061499 1.336820363998413 9
1580457061563 1.3519275188446045 10
1580457061627 1.3176077604293823 11
1580457061690 1.31936776638031 12
1580457061756 1.3886154890060425 13
1580457061857 1.3306748867034912 14
1580457061960 1.3348758220672607 15
1580457062056 1.3673521280288696 16
1580457062152 1.3484396934509277 17
1580457062248 1.3247510194778442 18
1580457062344 1.3842418193817139 19
1580457062441 1.341423749923706 20
1580457062543 1.3415637016296387 21
1580457062640 1.4049389362335205 22
1580457062736 1.3598052263259888 23
1580457062833 1.400275468826294 24
1580457062930 1.3344550132751465 25
1580457063029 1.337424397468567 26
1580457063130 1.365530014038086 27
1580457063227 1.3310633897781372 28
1580457063324 1.3915868997573853 29
