1580398760967 0.23076923 0
1580398761023 0.30769232 1
1580398761079 0.3846154 2
1580398761134 0.3846154 3
1580398761190 0.46153846 4
1580398761246 0.30769232 5
1580398761301 0.30769232 6
1580398761356 0.53846157 7
1580398761412 0.53846157 8
1580398761468 0.6923077 9
1580398761523 0.46153846 10
1580398761580 0.53846157 11
1580398761636 0.61538464 12
1580398761692 0.7692308 13
1580398761782 0.53846157 14
1580398761867 0.53846157 15
1580398761952 0.53846157 16
1580398762038 0.3846154 17
1580398762124 0.7692308 18
1580398762210 0.7692308 19
1580398762300 0.6923077 20
1580398762386 0.7692308 21
1580398762473 0.84615386 22
1580398762559 0.61538464 23
1580398762646 0.7692308 24
1580398762732 0.7692308 25
1580398762818 0.84615386 26
1580398762904 0.84615386 27
1580398762991 0.9230769 28
1580398763077 0.9230769 29
