1580398760967 1.4337117671966553 0
1580398761023 1.370955228805542 1
1580398761079 1.3408429622650146 2
1580398761134 1.381266713142395 3
1580398761190 1.319470763206482 4
1580398761246 1.3558074235916138 5
1580398761301 1.3675894737243652 6
1580398761356 1.2897638082504272 7
1580398761412 1.175296664237976 8
1580398761468 1.03249990940094 9
1580398761523 1.1409932374954224 10
1580398761580 1.0460063219070435 11
1580398761636 0.8789450526237488 12
1580398761692 0.7789307236671448 13
1580398761782 1.1534388065338135 14
1580398761867 1.112665057182312 15
1580398761952 0.8936390280723572 16
1580398762038 1.0523335933685303 17
1580398762124 0.8053671717643738 18
1580398762210 0.7251589894294739 19
1580398762300 0.7797991633415222 20
1580398762386 0.611158013343811 21
1580398762473 0.5730981230735779 22
1580398762559 0.7397755980491638 23
1580398762646 0.6338280439376831 24
1580398762732 0.7029616236686707 25
1580398762818 0.5082813501358032 26
1580398762904 0.4112696349620819 27
1580398762991 0.40255388617515564 28
1580398763077 0.43538549542427063 29
