1580456940618 0.23076923 0
1580456940708 0.23076923 1
1580456940799 0.30769232 2
1580456940890 0.3846154 3
1580456940981 0.15384616 4
1580456941073 0.3846154 5
1580456941164 0.30769232 6
1580456941255 0.30769232 7
1580456941347 0.30769232 8
1580456941439 0.3846154 9
1580456941532 0.30769232 10
1580456941624 0.30769232 11
1580456941716 0.30769232 12
1580456941808 0.30769232 13
1580456941900 0.23076923 14
1580456941992 0.30769232 15
1580456942084 0.30769232 16
1580456942176 0.46153846 17
1580456942269 0.3846154 18
1580456942362 0.46153846 19
1580456942460 0.30769232 20
1580456942554 0.3846154 21
1580456942646 0.3846154 22
1580456942738 0.30769232 23
1580456942830 0.3846154 24
1580456942924 0.30769232 25
1580456943018 0.30769232 26
1580456943120 0.3846154 27
1580456943223 0.3846154 28
1580456943318 0.23076923 29
