1580456940618 1.4154853820800781 0
1580456940708 201.13087463378906 1
1580456940799 120.22720336914062 2
1580456940890 27.482839584350586 3
1580456940981 49.83399963378906 4
1580456941073 2.8059842586517334 5
1580456941164 3.5812463760375977 6
1580456941255 1.6641755104064941 7
1580456941347 1.3265622854232788 8
1580456941439 1.2940738201141357 9
1580456941532 1.1964720487594604 10
1580456941624 1.436398983001709 11
1580456941716 1.2881830930709839 12
1580456941808 1.3941283226013184 13
1580456941900 1.2898668050765991 14
1580456941992 1.4250998497009277 15
1580456942084 1.278804063796997 16
1580456942176 1.147396445274353 17
1580456942269 1.2484142780303955 18
1580456942362 2.2791380882263184 19
1580456942460 1.5811890363693237 20
1580456942554 1.2801038026809692 21
1580456942646 1.2622860670089722 22
1580456942738 1.388123631477356 23
1580456942830 1.2845522165298462 24
1580456942924 1.4239660501480103 25
1580456943018 1.391694188117981 26
1580456943120 1.257912516593933 27
1580456943223 1.2611503601074219 28
1580456943318 1.4072226285934448 29
