1580293852022 0.07692308 0
1580293852063 0.30769232 1
1580293852111 0.23076923 2
1580293852158 0.30769232 3
1580293852204 0.3846154 4
1580293852252 0.53846157 5
1580293852298 0.30769232 6
1580293852345 0.46153846 7
1580293852392 0.46153846 8
1580293852439 0.23076923 9
1580293852486 0.53846157 10
1580293852533 0.3846154 11
1580293852580 0.46153846 12
1580293852627 0.53846157 13
1580293852674 0.53846157 14
1580293852721 0.53846157 15
1580293852770 0.6923077 16
1580293852817 0.61538464 17
1580293852864 0.53846157 18
1580293852911 0.53846157 19
1580293852958 0.6923077 20
1580293853005 0.3846154 21
1580293853053 0.53846157 22
1580293853100 0.61538464 23
1580293853174 0.61538464 24
1580293853244 0.61538464 25
1580293853313 0.53846157 26
1580293853383 0.61538464 27
1580293853453 0.46153846 28
1580293853523 0.61538464 29
1580293863708 0.61538464 0
1580293863782 0.46153846 1
1580293863853 0.61538464 2
1580293863925 0.46153846 3
1580293863996 0.61538464 4
1580293864068 0.61538464 5
1580293864140 0.6923077 6
1580293864219 0.61538464 7
1580293864292 0.61538464 8
1580293864365 0.7692308 9
1580293864437 0.6923077 10
1580293864510 0.7692308 11
1580293864583 0.6923077 12
1580293864656 0.6923077 13
1580293864728 0.6923077 14
1580293864801 0.61538464 15
1580293864874 0.6923077 16
1580293864946 0.53846157 17
1580293865019 0.61538464 18
1580293865092 0.6923077 19
1580293865166 0.53846157 20
1580293865239 0.7692308 21
1580293865312 0.61538464 22
1580293865385 0.53846157 23
1580293865459 0.7692308 24
1580293865532 0.6923077 25
1580293865606 0.6923077 26
1580293865679 0.7692308 27
1580293865753 0.7692308 28
1580293865827 0.6923077 29
