1580293852022 1.5326253175735474 0
1580293852063 1.3474558591842651 1
1580293852111 1.4099059104919434 2
1580293852158 1.3594061136245728 3
1580293852204 1.3412292003631592 4
1580293852252 1.3314831256866455 5
1580293852298 1.348926067352295 6
1580293852345 1.3523017168045044 7
1580293852392 1.3419100046157837 8
1580293852439 1.4520195722579956 9
1580293852486 1.2651689052581787 10
1580293852533 1.3337041139602661 11
1580293852580 1.304365634918213 12
1580293852627 1.293489933013916 13
1580293852674 1.2639350891113281 14
1580293852721 1.2564449310302734 15
1580293852770 1.2335318326950073 16
1580293852817 1.2597033977508545 17
1580293852864 1.3331122398376465 18
1580293852911 1.2070302963256836 19
1580293852958 1.2467581033706665 20
1580293853005 1.3733365535736084 21
1580293853053 1.3231823444366455 22
1580293853100 1.2456333637237549 23
1580293853174 1.2243913412094116 24
1580293853244 1.2260191440582275 25
1580293853313 1.2385355234146118 26
1580293853383 1.2697415351867676 27
1580293853453 1.2437540292739868 28
1580293853523 1.1645909547805786 29
1580293863708 1.208426594734192 0
1580293863782 1.1971684694290161 1
1580293863853 1.207434892654419 2
1580293863925 1.2045247554779053 3
1580293863996 1.1862208843231201 4
1580293864068 1.250633955001831 5
1580293864140 1.2194942235946655 6
1580293864219 1.219125747680664 7
1580293864292 1.2249507904052734 8
1580293864365 1.1367156505584717 9
1580293864437 1.15254807472229 10
1580293864510 1.1709227561950684 11
1580293864583 1.1693180799484253 12
1580293864656 1.0853979587554932 13
1580293864728 1.1552847623825073 14
1580293864801 1.1428263187408447 15
1580293864874 1.0991946458816528 16
1580293864946 1.214468240737915 17
1580293865019 1.1673165559768677 18
1580293865092 1.2072973251342773 19
1580293865166 1.1372510194778442 20
1580293865239 1.1097261905670166 21
1580293865312 1.1409131288528442 22
1580293865385 1.150162935256958 23
1580293865459 1.1580631732940674 24
1580293865532 1.0698790550231934 25
1580293865606 1.103594422340393 26
1580293865679 1.0820691585540771 27
1580293865753 1.0950713157653809 28
1580293865827 1.0651280879974365 29
