1580398626804 0.23076923 0
1580398626852 0.15384616 1
1580398626908 0.3846154 2
1580398626962 0.30769232 3
1580398627015 0.53846157 4
1580398627068 0.46153846 5
1580398627121 0.30769232 6
1580398627174 0.30769232 7
1580398627226 0.46153846 8
1580398627278 0.23076923 9
1580398627332 0.3846154 10
1580398627385 0.46153846 11
1580398627438 0.46153846 12
1580398627492 0.53846157 13
1580398627547 0.61538464 14
1580398627600 0.53846157 15
1580398627652 0.46153846 16
1580398627706 0.53846157 17
1580398627759 0.3846154 18
1580398627813 0.61538464 19
1580398627866 0.61538464 20
1580398627922 0.46153846 21
1580398628008 0.61538464 22
1580398628090 0.7692308 23
1580398628171 0.6923077 24
1580398628253 0.61538464 25
1580398628335 0.53846157 26
1580398628415 0.6923077 27
1580398628498 0.61538464 28
1580398628582 0.84615386 29
