1580398626804 1.4274202585220337 0
1580398626852 1.4517771005630493 1
1580398626908 1.307187795639038 2
1580398626962 1.4197701215744019 3
1580398627015 1.2107468843460083 4
1580398627068 1.2690247297286987 5
1580398627121 1.2292709350585938 6
1580398627174 1.2586479187011719 7
1580398627226 1.2691905498504639 8
1580398627278 1.339592456817627 9
1580398627332 1.174808382987976 10
1580398627385 1.2695103883743286 11
1580398627438 1.2551134824752808 12
1580398627492 1.0527466535568237 13
1580398627547 0.9440822601318359 14
1580398627600 1.114052653312683 15
1580398627652 1.0289415121078491 16
1580398627706 1.0336476564407349 17
1580398627759 0.956166684627533 18
1580398627813 0.8779088258743286 19
1580398627866 0.9621571898460388 20
1580398627922 0.9525052309036255 21
1580398628008 0.758583664894104 22
1580398628090 0.6027595400810242 23
1580398628171 0.6834138035774231 24
1580398628253 0.7516652345657349 25
1580398628335 0.9164235591888428 26
1580398628415 0.7405552268028259 27
1580398628498 0.6751124858856201 28
1580398628582 0.48616182804107666 29
