1580457125395 0.30769232 0
1580457125490 0.15384616 1
1580457125587 0.3846154 2
1580457125684 0.46153846 3
1580457125782 0.30769232 4
1580457125879 0.30769232 5
1580457125976 0.53846157 6
1580457126073 0.53846157 7
1580457126171 0.46153846 8
1580457126269 0.3846154 9
1580457126367 0.7692308 10
1580457126465 0.53846157 11
1580457126563 0.3846154 12
1580457126662 0.53846157 13
1580457126760 0.6923077 14
1580457126858 0.53846157 15
1580457126957 0.46153846 16
1580457127055 0.30769232 17
1580457127153 0.53846157 18
1580457127251 0.61538464 19
1580457127349 0.7692308 20
1580457127446 0.7692308 21
1580457127544 0.61538464 22
1580457127641 0.6923077 23
1580457127739 0.7692308 24
1580457127838 0.53846157 25
1580457127937 0.84615386 26
1580457128036 0.61538464 27
1580457128135 0.84615386 28
1580457128235 0.61538464 29
