1580457125395 1.3826625347137451 0
1580457125490 1.3900610208511353 1
1580457125587 1.363837480545044 2
1580457125684 1.2179104089736938 3
1580457125782 1.3165532350540161 4
1580457125879 1.4242022037506104 5
1580457125976 1.1656708717346191 6
1580457126073 1.210984706878662 7
1580457126171 1.114121675491333 8
1580457126269 1.1913601160049438 9
1580457126367 0.8985456228256226 10
1580457126465 1.1889452934265137 11
1580457126563 1.212579607963562 12
1580457126662 1.0330866575241089 13
1580457126760 0.8389509916305542 14
1580457126858 0.9419938325881958 15
1580457126957 1.0230622291564941 16
1580457127055 1.2242966890335083 17
1580457127153 0.9825146198272705 18
1580457127251 0.9207091927528381 19
1580457127349 0.6374223232269287 20
1580457127446 0.5506662130355835 21
1580457127544 0.686198890209198 22
1580457127641 0.8661237955093384 23
1580457127739 0.719288170337677 24
1580457127838 0.7220272421836853 25
1580457127937 0.6991028189659119 26
1580457128036 0.8198395371437073 27
1580457128135 0.5072392821311951 28
1580457128235 0.7227946519851685 29
