1580398676784 0.07692308 0
1580398676833 0.23076923 1
1580398676889 0.23076923 2
1580398676945 0.30769232 3
1580398677030 0.3846154 4
1580398677114 0.3846154 5
1580398677204 0.46153846 6
1580398677286 0.30769232 7
1580398677368 0.30769232 8
1580398677452 0.3846154 9
1580398677536 0.3846154 10
1580398677620 0.3846154 11
1580398677704 0.53846157 12
1580398677786 0.30769232 13
1580398677869 0.6923077 14
1580398677953 0.61538464 15
1580398678035 0.53846157 16
1580398678117 0.53846157 17
1580398678200 0.6923077 18
1580398678282 0.6923077 19
1580398678363 0.7692308 20
1580398678447 0.7692308 21
1580398678530 0.53846157 22
1580398678612 0.6923077 23
1580398678694 0.6923077 24
1580398678777 0.53846157 25
1580398678860 0.6923077 26
1580398678943 0.6923077 27
1580398679026 0.61538464 28
1580398679110 0.61538464 29
