1580398676784 1.4244414567947388 0
1580398676833 1.373879075050354 1
1580398676889 1.3809183835983276 2
1580398676945 1.3578457832336426 3
1580398677030 1.3108030557632446 4
1580398677114 1.3951014280319214 5
1580398677204 1.2723489999771118 6
1580398677286 1.3712921142578125 7
1580398677368 1.3055362701416016 8
1580398677452 1.3295091390609741 9
1580398677536 1.2933859825134277 10
1580398677620 1.2834398746490479 11
1580398677704 1.2461024522781372 12
1580398677786 1.2701239585876465 13
1580398677869 1.1646430492401123 14
1580398677953 1.0661494731903076 15
1580398678035 1.1283209323883057 16
1580398678117 1.1156423091888428 17
1580398678200 0.9783774018287659 18
1580398678282 1.006677508354187 19
1580398678363 0.9508885145187378 20
1580398678447 0.8536338806152344 21
1580398678530 1.047634243965149 22
1580398678612 0.8342090249061584 23
1580398678694 0.8602461218833923 24
1580398678777 1.0309869050979614 25
1580398678860 0.7994287014007568 26
1580398678943 0.7037186026573181 27
1580398679026 0.7176012396812439 28
1580398679110 0.7800531983375549 29
