1580398903725 0.23076923 0
1580398903778 0.3846154 1
1580398903837 0.53846157 2
1580398903895 0.3846154 3
1580398903954 0.3846154 4
1580398904013 0.30769232 5
1580398904071 0.3846154 6
1580398904130 0.23076923 7
1580398904189 0.53846157 8
1580398904248 0.61538464 9
1580398904306 0.53846157 10
1580398904365 0.61538464 11
1580398904423 0.6923077 12
1580398904482 0.46153846 13
1580398904542 0.7692308 14
1580398904601 0.84615386 15
1580398904659 0.6923077 16
1580398904718 0.61538464 17
1580398904778 0.61538464 18
1580398904837 0.7692308 19
1580398904896 0.7692308 20
1580398904956 0.6923077 21
1580398905017 0.61538464 22
1580398905078 0.53846157 23
1580398905138 0.61538464 24
1580398905197 0.53846157 25
1580398905257 0.61538464 26
1580398905317 0.7692308 27
1580398905376 0.61538464 28
1580398905436 0.6923077 29
