1580398903725 1.403148889541626 0
1580398903778 1.368802547454834 1
1580398903837 1.3249465227127075 2
1580398903895 1.3094542026519775 3
1580398903954 1.2665619850158691 4
1580398904013 1.34624183177948 5
1580398904071 1.194041132926941 6
1580398904130 1.469197392463684 7
1580398904189 1.1800998449325562 8
1580398904248 1.0088883638381958 9
1580398904306 1.1630409955978394 10
1580398904365 1.0279524326324463 11
1580398904423 0.7759891748428345 12
1580398904482 1.1026593446731567 13
1580398904542 0.8026313781738281 14
1580398904601 0.5111198425292969 15
1580398904659 0.7531713843345642 16
1580398904718 0.7405226230621338 17
1580398904778 0.6492440104484558 18
1580398904837 0.5832303762435913 19
1580398904896 0.6277641654014587 20
1580398904956 0.5912551283836365 21
1580398905017 0.7239618301391602 22
1580398905078 0.7642396092414856 23
1580398905138 0.8957840800285339 24
1580398905197 0.8417263031005859 25
1580398905257 0.8636051416397095 26
1580398905317 0.7098430395126343 27
1580398905376 0.8301136493682861 28
1580398905436 0.6671494841575623 29
