1580398709215 0.30769232 0
1580398709270 0.15384616 1
1580398709324 0.3846154 2
1580398709378 0.30769232 3
1580398709433 0.3846154 4
1580398709487 0.61538464 5
1580398709542 0.3846154 6
1580398709599 0.61538464 7
1580398709656 0.3846154 8
1580398709712 0.46153846 9
1580398709769 0.3846154 10
1580398709824 0.61538464 11
1580398709879 0.61538464 12
1580398709934 0.6923077 13
1580398709991 0.7692308 14
1580398710048 0.53846157 15
1580398710124 0.6923077 16
1580398710210 0.61538464 17
1580398710300 0.3846154 18
1580398710387 0.7692308 19
1580398710470 0.7692308 20
1580398710553 0.7692308 21
1580398710636 0.53846157 22
1580398710720 0.46153846 23
1580398710806 0.7692308 24
1580398710894 0.84615386 25
1580398710979 0.7692308 26
1580398711063 0.7692308 27
1580398711148 0.7692308 28
1580398711233 0.84615386 29
