1580398709215 1.3716117143630981 0
1580398709270 1.4421045780181885 1
1580398709324 1.3336124420166016 2
1580398709378 1.3050187826156616 3
1580398709433 1.292116641998291 4
1580398709487 1.0983948707580566 5
1580398709542 1.353346586227417 6
1580398709599 1.0414780378341675 7
1580398709656 1.1748019456863403 8
1580398709712 1.166148066520691 9
1580398709769 1.2049849033355713 10
1580398709824 0.9123662114143372 11
1580398709879 0.9545842409133911 12
1580398709934 0.8456137180328369 13
1580398709991 0.6591746211051941 14
1580398710048 0.7772179245948792 15
1580398710124 0.9604859948158264 16
1580398710210 0.7404121160507202 17
1580398710300 0.9870080947875977 18
1580398710387 0.7926813960075378 19
1580398710470 0.548465371131897 20
1580398710553 0.4452067017555237 21
1580398710636 0.7403850555419922 22
1580398710720 0.739375650882721 23
1580398710806 0.6025444269180298 24
1580398710894 0.4655901789665222 25
1580398710979 0.486137717962265 26
1580398711063 0.46263641119003296 27
1580398711148 0.5635600090026855 28
1580398711233 0.5667160749435425 29
