1580398858157 0.07692308 0
1580398858210 0.23076923 1
1580398858268 0.30769232 2
1580398858328 0.30769232 3
1580398858388 0.30769232 4
1580398858447 0.53846157 5
1580398858506 0.3846154 6
1580398858566 0.3846154 7
1580398858625 0.46153846 8
1580398858686 0.3846154 9
1580398858744 0.53846157 10
1580398858802 0.53846157 11
1580398858860 0.53846157 12
1580398858918 0.46153846 13
1580398858976 0.61538464 14
1580398859034 0.61538464 15
1580398859092 0.6923077 16
1580398859151 0.46153846 17
1580398859209 0.61538464 18
1580398859268 0.3846154 19
1580398859327 0.3846154 20
1580398859386 0.30769232 21
1580398859444 0.53846157 22
1580398859502 0.3846154 23
1580398859561 0.3846154 24
1580398859619 0.3846154 25
1580398859678 0.46153846 26
1580398859737 0.3846154 27
1580398859796 0.46153846 28
1580398859855 0.3846154 29
