1580398858157 1.4311599731445312 0
1580398858210 54.11515808105469 1
1580398858268 25.935243606567383 2
1580398858328 13.127105712890625 3
1580398858388 10.855765342712402 4
1580398858447 1.0760903358459473 5
1580398858506 1.256530523300171 6
1580398858566 1.2921613454818726 7
1580398858625 1.0834795236587524 8
1580398858686 0.9119152426719666 9
1580398858744 0.9478415250778198 10
1580398858802 0.9644469022750854 11
1580398858860 0.5774492025375366 12
1580398858918 1.1235229969024658 13
1580398858976 0.9500353932380676 14
1580398859034 0.7663092017173767 15
1580398859092 0.7781681418418884 16
1580398859151 1.0346046686172485 17
1580398859209 0.8062742948532104 18
1580398859268 1.3060851097106934 19
1580398859327 1.4609031677246094 20
1580398859386 1.3352549076080322 21
1580398859444 0.9677741527557373 22
1580398859502 1.1934746503829956 23
1580398859561 1.1645032167434692 24
1580398859619 1.161955714225769 25
1580398859678 1.0928852558135986 26
1580398859737 1.214877963066101 27
1580398859796 1.06107497215271 28
1580398859855 1.1737650632858276 29
