1580398889029 0.15384616 0
1580398889083 0.46153846 1
1580398889142 0.3846154 2
1580398889200 0.23076923 3
1580398889259 0.53846157 4
1580398889319 0.46153846 5
1580398889379 0.46153846 6
1580398889439 0.61538464 7
1580398889499 0.84615386 8
1580398889560 0.3846154 9
1580398889620 0.6923077 10
1580398889680 0.7692308 11
1580398889741 0.61538464 12
1580398889799 0.6923077 13
1580398889858 0.9230769 14
1580398889920 0.46153846 15
1580398889981 0.61538464 16
1580398890042 0.53846157 17
1580398890104 0.6923077 18
1580398890165 0.61538464 19
1580398890227 0.84615386 20
1580398890288 0.61538464 21
1580398890349 0.84615386 22
1580398890410 0.9230769 23
1580398890471 0.9230769 24
1580398890531 0.6923077 25
1580398890591 0.9230769 26
1580398890650 0.9230769 27
1580398890711 0.6923077 28
1580398890772 0.9230769 29
