1580398889029 1.411489725112915 0
1580398889083 2.0616648197174072 1
1580398889142 1.9782028198242188 2
1580398889200 2.5556516647338867 3
1580398889259 1.009100079536438 4
1580398889319 1.7268397808074951 5
1580398889379 1.2215769290924072 6
1580398889439 0.9285774230957031 7
1580398889499 0.6128368973731995 8
1580398889560 0.9839509725570679 9
1580398889620 0.758799135684967 10
1580398889680 0.6633599996566772 11
1580398889741 0.6213064789772034 12
1580398889799 0.5576975345611572 13
1580398889858 0.4015369415283203 14
1580398889920 0.9040433168411255 15
1580398889981 0.7732118368148804 16
1580398890042 0.7297691702842712 17
1580398890104 0.7754430174827576 18
1580398890165 0.8528470993041992 19
1580398890227 0.40443387627601624 20
1580398890288 0.5914363861083984 21
1580398890349 0.4383888244628906 22
1580398890410 0.3919711410999298 23
1580398890471 0.23971550166606903 24
1580398890531 0.6931164264678955 25
1580398890591 0.22144314646720886 26
1580398890650 0.30854982137680054 27
1580398890711 0.4593256711959839 28
1580398890772 0.20221444964408875 29
