1580398922886 0.23076923 0
1580398922939 0.23076923 1
1580398922997 0.3846154 2
1580398923056 0.3846154 3
1580398923114 0.30769232 4
1580398923174 0.3846154 5
1580398923235 0.53846157 6
1580398923295 0.46153846 7
1580398923390 0.30769232 8
1580398923480 0.53846157 9
1580398923572 0.46153846 10
1580398923663 0.53846157 11
1580398923754 0.6923077 12
1580398923845 0.7692308 13
1580398923937 0.6923077 14
1580398924027 0.53846157 15
1580398924118 0.61538464 16
1580398924209 0.61538464 17
1580398924300 0.9230769 18
1580398924392 0.7692308 19
1580398924483 0.84615386 20
1580398924575 0.84615386 21
1580398924667 0.6923077 22
1580398924759 0.6923077 23
1580398924851 0.7692308 24
1580398924942 0.6923077 25
1580398925035 0.84615386 26
1580398925127 1.0 27
1580398925219 0.7692308 28
1580398925311 0.7692308 29
