1580398922886 1.3813353776931763 0
1580398922939 1.4046624898910522 1
1580398922997 1.3302967548370361 2
1580398923056 1.3271076679229736 3
1580398923114 1.3503869771957397 4
1580398923174 1.3034554719924927 5
1580398923235 1.2465012073516846 6
1580398923295 1.1123138666152954 7
1580398923390 1.407839059829712 8
1580398923480 1.158669114112854 9
1580398923572 1.2739225625991821 10
1580398923663 1.081706166267395 11
1580398923754 0.9817913770675659 12
1580398923845 0.8316555023193359 13
1580398923937 0.9397900104522705 14
1580398924027 1.080763578414917 15
1580398924118 1.0389769077301025 16
1580398924209 0.8982729315757751 17
1580398924300 0.514866292476654 18
1580398924392 0.6245641708374023 19
1580398924483 0.5663749575614929 20
1580398924575 0.5129534006118774 21
1580398924667 0.5678724050521851 22
1580398924759 0.6888548135757446 23
1580398924851 0.5703687071800232 24
1580398924942 0.5701111555099487 25
1580398925035 0.4113302528858185 26
1580398925127 0.32779306173324585 27
1580398925219 0.3493213653564453 28
1580398925311 0.5015528202056885 29
