1580398782443 0.15384616 0
1580398782497 0.23076923 1
1580398782555 0.46153846 2
1580398782613 0.30769232 3
1580398782671 0.30769232 4
1580398782728 0.30769232 5
1580398782784 0.61538464 6
1580398782841 0.7692308 7
1580398782897 0.46153846 8
1580398782953 0.46153846 9
1580398783010 0.46153846 10
1580398783067 0.7692308 11
1580398783126 0.84615386 12
1580398783182 0.7692308 13
1580398783239 0.84615386 14
1580398783298 0.61538464 15
1580398783388 0.9230769 16
1580398783474 0.6923077 17
1580398783561 0.6923077 18
1580398783648 0.7692308 19
1580398783736 0.7692308 20
1580398783824 0.7692308 21
1580398783911 0.6923077 22
1580398784004 0.7692308 23
1580398784091 0.6923077 24
1580398784178 0.84615386 25
1580398784265 0.9230769 26
1580398784353 0.6923077 27
1580398784444 0.6923077 28
1580398784532 0.46153846 29
