1580398782443 1.3633441925048828 0
1580398782497 59.95694351196289 1
1580398782555 104.60639190673828 2
1580398782613 65.13694763183594 3
1580398782671 38.282772064208984 4
1580398782728 15.847436904907227 5
1580398782784 17.72920036315918 6
1580398782841 0.6563758850097656 7
1580398782897 2.5991833209991455 8
1580398782953 0.8299118280410767 9
1580398783010 1.0912543535232544 10
1580398783067 0.4669184386730194 11
1580398783126 0.41812750697135925 12
1580398783182 0.6463454365730286 13
1580398783239 0.36801856756210327 14
1580398783298 0.8476578593254089 15
1580398783388 0.41745156049728394 16
1580398783474 0.8154422044754028 17
1580398783561 0.7918568253517151 18
1580398783648 0.5095313787460327 19
1580398783736 0.4703396260738373 20
1580398783824 0.5511855483055115 21
1580398783911 0.6103746891021729 22
1580398784004 0.3884022533893585 23
1580398784091 0.586929202079773 24
1580398784178 0.3889159560203552 25
1580398784265 0.26769062876701355 26
1580398784353 0.7319621443748474 27
1580398784444 0.5678845643997192 28
1580398784532 1.1001193523406982 29
