1580398579417 0.3846154 0
1580398579463 0.3846154 1
1580398579514 0.30769232 2
1580398579565 0.30769232 3
1580398579616 0.30769232 4
1580398579667 0.46153846 5
1580398579718 0.61538464 6
1580398579769 0.3846154 7
1580398579821 0.30769232 8
1580398579872 0.23076923 9
1580398579924 0.23076923 10
1580398579976 0.46153846 11
1580398580028 0.7692308 12
1580398580081 0.46153846 13
1580398580132 0.61538464 14
1580398580184 0.46153846 15
1580398580236 0.7692308 16
1580398580288 0.7692308 17
1580398580340 0.7692308 18
1580398580393 0.3846154 19
1580398580445 0.6923077 20
1580398580498 0.84615386 21
1580398580550 0.7692308 22
1580398580604 0.6923077 23
1580398580658 0.9230769 24
1580398580712 0.6923077 25
1580398580766 0.6923077 26
1580398580821 0.9230769 27
1580398580874 0.7692308 28
1580398580926 1.0 29
