1580398579417 1.3729733228683472 0
1580398579463 1.3264573812484741 1
1580398579514 1.327303409576416 2
1580398579565 1.2657617330551147 3
1580398579616 1.2802666425704956 4
1580398579667 1.2605433464050293 5
1580398579718 0.9880680441856384 6
1580398579769 1.1148502826690674 7
1580398579821 1.3258423805236816 8
1580398579872 1.388232946395874 9
1580398579924 1.3660595417022705 10
1580398579976 1.0858111381530762 11
1580398580028 0.8963272571563721 12
1580398580081 0.9531415104866028 13
1580398580132 0.9046620726585388 14
1580398580184 0.9573514461517334 15
1580398580236 0.7730715870857239 16
1580398580288 0.7435128092765808 17
1580398580340 0.7302982807159424 18
1580398580393 1.2296770811080933 19
1580398580445 0.5521329045295715 20
1580398580498 0.6848737001419067 21
1580398580550 0.4899473786354065 22
1580398580604 0.8443619012832642 23
1580398580658 0.43576791882514954 24
1580398580712 0.7698447704315186 25
1580398580766 0.5920040607452393 26
1580398580821 0.4088875949382782 27
1580398580874 0.4807606041431427 28
1580398580926 0.38784897327423096 29
