1580398576743 0.23076923 0
1580398576790 0.30769232 1
1580398576842 0.46153846 2
1580398576893 0.30769232 3
1580398576945 0.3846154 4
1580398576997 0.3846154 5
1580398577050 0.53846157 6
1580398577102 0.46153846 7
1580398577155 0.3846154 8
1580398577238 0.46153846 9
1580398577316 0.53846157 10
1580398577395 0.53846157 11
1580398577474 0.6923077 12
1580398577553 0.84615386 13
1580398577632 0.61538464 14
1580398577712 0.53846157 15
1580398577791 0.46153846 16
1580398577871 0.53846157 17
1580398577952 0.46153846 18
1580398578036 0.61538464 19
1580398578116 0.61538464 20
1580398578196 0.61538464 21
1580398578276 0.7692308 22
1580398578356 0.84615386 23
1580398578436 0.7692308 24
1580398578516 0.7692308 25
1580398578596 0.6923077 26
1580398578675 0.61538464 27
1580398578755 1.0 28
1580398578835 0.6923077 29
