1580398576743 1.427024006843567 0
1580398576790 19.791236877441406 1
1580398576842 12.283463478088379 2
1580398576893 6.1968536376953125 3
1580398576945 5.338918209075928 4
1580398576997 1.826912760734558 5
1580398577050 1.1762880086898804 6
1580398577102 1.1054778099060059 7
1580398577155 1.1054989099502563 8
1580398577238 0.9229087829589844 9
1580398577316 0.7719247341156006 10
1580398577395 0.9019962549209595 11
1580398577474 0.46339210867881775 12
1580398577553 0.4586504399776459 13
1580398577632 0.7465885877609253 14
1580398577712 0.7196292877197266 15
1580398577791 0.84091717004776 16
1580398577871 0.7006194591522217 17
1580398577952 0.9475343227386475 18
1580398578036 0.8323902487754822 19
1580398578116 0.6962623596191406 20
1580398578196 0.838149905204773 21
1580398578276 0.6244248747825623 22
1580398578356 0.6160857081413269 23
1580398578436 0.3914521336555481 24
1580398578516 0.5863240361213684 25
1580398578596 0.44530102610588074 26
1580398578675 0.6819603443145752 27
1580398578755 0.1947416216135025 28
1580398578835 0.517627477645874 29
