1580456943914 0.3846154 0
1580456943970 0.15384616 1
1580456944033 0.53846157 2
1580456944095 0.30769232 3
1580456944155 0.46153846 4
1580456944217 0.46153846 5
1580456944281 0.30769232 6
1580456944342 0.61538464 7
1580456944403 0.7692308 8
1580456944466 0.53846157 9
1580456944530 0.53846157 10
1580456944591 0.6923077 11
1580456944656 0.6923077 12
1580456944720 0.46153846 13
1580456944782 0.7692308 14
1580456944847 0.7692308 15
1580456944909 0.61538464 16
1580456944973 0.6923077 17
1580456945037 0.61538464 18
1580456945100 0.7692308 19
1580456945165 0.84615386 20
1580456945229 0.9230769 21
1580456945329 0.84615386 22
1580456945423 0.6923077 23
1580456945524 0.7692308 24
1580456945618 0.61538464 25
1580456945712 0.61538464 26
1580456945798 0.9230769 27
1580456945862 0.7692308 28
1580456945923 0.6923077 29
