1580456943914 1.3556214570999146 0
1580456943970 1.3613795042037964 1
1580456944033 1.330358624458313 2
1580456944095 1.3145390748977661 3
1580456944155 1.2277112007141113 4
1580456944217 1.2871119976043701 5
1580456944281 1.3048205375671387 6
1580456944342 1.2424674034118652 7
1580456944403 1.0059477090835571 8
1580456944466 1.2416142225265503 9
1580456944530 0.9480079412460327 10
1580456944591 0.8581463694572449 11
1580456944656 0.7711490988731384 12
1580456944720 0.9314431548118591 13
1580456944782 0.7544007897377014 14
1580456944847 0.7326639890670776 15
1580456944909 0.7486510872840881 16
1580456944973 0.6655654311180115 17
1580456945037 0.8153799772262573 18
1580456945100 0.5919073820114136 19
1580456945165 0.6063525080680847 20
1580456945229 0.4304765462875366 21
1580456945329 0.4706810712814331 22
1580456945423 0.5094560384750366 23
1580456945524 0.5259085893630981 24
1580456945618 0.7863186597824097 25
1580456945712 0.6256567239761353 26
1580456945798 0.33084744215011597 27
1580456945862 0.35012802481651306 28
1580456945923 0.49036991596221924 29
