1580398749288 0.30769232 0
1580398749376 0.46153846 1
1580398749459 0.53846157 2
1580398749543 0.30769232 3
1580398749627 0.30769232 4
1580398749710 0.53846157 5
1580398749794 0.3846154 6
1580398749878 0.61538464 7
1580398749963 0.30769232 8
1580398750047 0.46153846 9
1580398750132 0.6923077 10
1580398750216 0.3846154 11
1580398750301 0.53846157 12
1580398750386 0.7692308 13
1580398750471 0.61538464 14
1580398750556 0.61538464 15
1580398750640 0.7692308 16
1580398750725 0.7692308 17
1580398750810 0.61538464 18
1580398750895 0.6923077 19
1580398750980 0.46153846 20
1580398751066 0.7692308 21
1580398751151 0.7692308 22
1580398751237 0.84615386 23
1580398751322 0.9230769 24
1580398751408 0.7692308 25
1580398751494 0.84615386 26
1580398751579 0.6923077 27
1580398751665 0.84615386 28
1580398751751 0.84615386 29
