1580398749288 1.380940556526184 0
1580398749376 1.3223307132720947 1
1580398749459 1.3389569520950317 2
1580398749543 1.3460979461669922 3
1580398749627 1.2826851606369019 4
1580398749710 1.269148588180542 5
1580398749794 1.2957056760787964 6
1580398749878 1.1410070657730103 7
1580398749963 1.2672666311264038 8
1580398750047 1.162471890449524 9
1580398750132 1.0066027641296387 10
1580398750216 1.1985983848571777 11
1580398750301 1.0973433256149292 12
1580398750386 0.9567194581031799 13
1580398750471 0.9469849467277527 14
1580398750556 0.9852059483528137 15
1580398750640 0.7347323894500732 16
1580398750725 0.8978894948959351 17
1580398750810 0.8940775990486145 18
1580398750895 0.6915352940559387 19
1580398750980 0.9780095815658569 20
1580398751066 0.7187341451644897 21
1580398751151 0.7097457051277161 22
1580398751237 0.6615553498268127 23
1580398751322 0.5777651071548462 24
1580398751408 0.5968546271324158 25
1580398751494 0.5007390379905701 26
1580398751579 0.5386815667152405 27
1580398751665 0.4527972340583801 28
1580398751751 0.5571750998497009 29
