1580457110093 0.30769232 0
1580457110151 0.30769232 1
1580457110215 0.53846157 2
1580457110319 0.46153846 3
1580457110415 0.3846154 4
1580457110512 0.3846154 5
1580457110608 0.30769232 6
1580457110705 0.61538464 7
1580457110804 0.46153846 8
1580457110905 0.3846154 9
1580457111002 0.53846157 10
1580457111099 0.84615386 11
1580457111196 0.6923077 12
1580457111292 0.46153846 13
1580457111388 0.61538464 14
1580457111485 0.6923077 15
1580457111582 0.84615386 16
1580457111679 0.6923077 17
1580457111777 0.7692308 18
1580457111874 0.7692308 19
1580457111972 0.6923077 20
1580457112070 0.7692308 21
1580457112168 0.9230769 22
1580457112265 0.7692308 23
1580457112362 0.7692308 24
1580457112460 0.84615386 25
1580457112558 0.61538464 26
1580457112657 0.9230769 27
1580457112755 0.7692308 28
1580457112854 0.9230769 29
