1580457110093 1.3369561433792114 0
1580457110151 1.342441439628601 1
1580457110215 1.3220282793045044 2
1580457110319 1.320022702217102 3
1580457110415 1.3275527954101562 4
1580457110512 1.3151377439498901 5
1580457110608 1.3496642112731934 6
1580457110705 1.1621215343475342 7
1580457110804 1.2284492254257202 8
1580457110905 1.2005661725997925 9
1580457111002 0.9804973006248474 10
1580457111099 0.9568039178848267 11
1580457111196 1.0164532661437988 12
1580457111292 1.0907318592071533 13
1580457111388 1.07469642162323 14
1580457111485 0.836370587348938 15
1580457111582 0.7379624247550964 16
1580457111679 1.0714831352233887 17
1580457111777 0.6983774900436401 18
1580457111874 0.7953854203224182 19
1580457111972 0.6893993020057678 20
1580457112070 0.6176146268844604 21
1580457112168 0.47962525486946106 22
1580457112265 0.5763357281684875 23
1580457112362 0.6165207624435425 24
1580457112460 0.45476993918418884 25
1580457112558 0.8412659168243408 26
1580457112657 0.4094516932964325 27
1580457112755 0.625916600227356 28
1580457112854 0.4497936964035034 29
