1580398643566 0.07692308 0
1580398643618 0.30769232 1
1580398643672 0.53846157 2
1580398643726 0.30769232 3
1580398643779 0.53846157 4
1580398643832 0.3846154 5
1580398643885 0.3846154 6
1580398643939 0.3846154 7
1580398643993 0.46153846 8
1580398644048 0.6923077 9
1580398644102 0.3846154 10
1580398644156 0.61538464 11
1580398644209 0.46153846 12
1580398644264 0.61538464 13
1580398644318 0.61538464 14
1580398644372 0.61538464 15
1580398644427 0.6923077 16
1580398644483 0.7692308 17
1580398644538 0.84615386 18
1580398644593 0.7692308 19
1580398644647 0.84615386 20
1580398644701 0.84615386 21
1580398644755 0.6923077 22
1580398644809 0.53846157 23
1580398644864 0.7692308 24
1580398644918 0.84615386 25
1580398644972 0.84615386 26
1580398645028 0.6923077 27
1580398645082 1.0 28
1580398645136 1.0 29
