1580398643566 1.4108624458312988 0
1580398643618 1.426445484161377 1
1580398643672 1.3097140789031982 2
1580398643726 1.3412208557128906 3
1580398643779 1.3186190128326416 4
1580398643832 1.3961430788040161 5
1580398643885 1.2846767902374268 6
1580398643939 1.1474695205688477 7
1580398643993 1.0430024862289429 8
1580398644048 0.9848874807357788 9
1580398644102 1.171657681465149 10
1580398644156 0.9634361267089844 11
1580398644209 1.0596187114715576 12
1580398644264 1.0281389951705933 13
1580398644318 0.9559763669967651 14
1580398644372 0.8417624235153198 15
1580398644427 0.8030999898910522 16
1580398644483 0.7027272582054138 17
1580398644538 0.5398250818252563 18
1580398644593 0.5239025354385376 19
1580398644647 0.39752715826034546 20
1580398644701 0.47516992688179016 21
1580398644755 0.7086422443389893 22
1580398644809 0.8076331615447998 23
1580398644864 0.5786780714988708 24
1580398644918 0.3854323923587799 25
1580398644972 0.4039457142353058 26
1580398645028 0.5403528809547424 27
1580398645082 0.18602150678634644 28
1580398645136 0.19218261539936066 29
