1580398543730 0.15384616 0
1580398543775 0.15384616 1
1580398543827 0.3846154 2
1580398543878 0.3846154 3
1580398543928 0.3846154 4
1580398543979 0.3846154 5
1580398544028 0.46153846 6
1580398544079 0.53846157 7
1580398544129 0.46153846 8
1580398544179 0.3846154 9
1580398544229 0.61538464 10
1580398544280 0.30769232 11
1580398544331 0.6923077 12
1580398544381 0.84615386 13
1580398544431 0.61538464 14
1580398544482 0.46153846 15
1580398544532 0.7692308 16
1580398544583 0.7692308 17
1580398544634 0.7692308 18
1580398544685 0.7692308 19
1580398544736 0.53846157 20
1580398544788 0.6923077 21
1580398544839 0.6923077 22
1580398544890 0.84615386 23
1580398544941 0.7692308 24
1580398544993 0.6923077 25
1580398545044 0.7692308 26
1580398545095 0.7692308 27
1580398545146 0.84615386 28
1580398545198 0.7692308 29
