1580398543730 1.4044342041015625 0
1580398543775 1.3923664093017578 1
1580398543827 1.3846848011016846 2
1580398543878 1.3375672101974487 3
1580398543928 1.329679012298584 4
1580398543979 1.2648868560791016 5
1580398544028 1.2165242433547974 6
1580398544079 1.2385094165802002 7
1580398544129 1.2415090799331665 8
1580398544179 1.284470796585083 9
1580398544229 1.0525933504104614 10
1580398544280 1.2537199258804321 11
1580398544331 0.8056915998458862 12
1580398544381 0.823866605758667 13
1580398544431 0.8091251850128174 14
1580398544482 1.1418524980545044 15
1580398544532 0.7523049712181091 16
1580398544583 0.6017860174179077 17
1580398544634 0.7740387320518494 18
1580398544685 0.48910659551620483 19
1580398544736 0.8788665533065796 20
1580398544788 0.7312187552452087 21
1580398544839 0.602091372013092 22
1580398544890 0.42805972695350647 23
1580398544941 0.5347470045089722 24
1580398544993 0.7052850127220154 25
1580398545044 0.6995304822921753 26
1580398545095 0.45467251539230347 27
1580398545146 0.4768230617046356 28
1580398545198 0.4870145916938782 29
