1580398841727 0.23076923 0
1580398841779 0.23076923 1
1580398841837 0.46153846 2
1580398841894 0.46153846 3
1580398841951 0.3846154 4
1580398842009 0.61538464 5
1580398842067 0.30769232 6
1580398842125 0.3846154 7
1580398842183 0.61538464 8
1580398842241 0.46153846 9
1580398842300 0.30769232 10
1580398842362 0.46153846 11
1580398842421 0.7692308 12
1580398842479 0.61538464 13
1580398842538 0.61538464 14
1580398842598 0.6923077 15
1580398842657 0.6923077 16
1580398842718 0.7692308 17
1580398842778 0.61538464 18
1580398842837 0.7692308 19
1580398842898 0.6923077 20
1580398842957 0.6923077 21
1580398843017 1.0 22
1580398843077 0.6923077 23
1580398843138 0.7692308 24
1580398843198 1.0 25
1580398843257 0.9230769 26
1580398843316 0.7692308 27
1580398843376 0.84615386 28
1580398843436 0.84615386 29
