1580398841727 1.385805606842041 0
1580398841779 1.3052048683166504 1
1580398841837 1.3129329681396484 2
1580398841894 1.3604319095611572 3
1580398841951 1.2719172239303589 4
1580398842009 1.2414627075195312 5
1580398842067 1.4730395078659058 6
1580398842125 1.298722743988037 7
1580398842183 1.0799530744552612 8
1580398842241 1.093078851699829 9
1580398842300 1.1715474128723145 10
1580398842362 1.0530717372894287 11
1580398842421 0.831935465335846 12
1580398842479 0.8496124744415283 13
1580398842538 0.9087677001953125 14
1580398842598 0.6752776503562927 15
1580398842657 0.8180294036865234 16
1580398842718 0.6691213846206665 17
1580398842778 0.8460769057273865 18
1580398842837 0.5973643064498901 19
1580398842898 0.6797105073928833 20
1580398842957 0.6807042360305786 21
1580398843017 0.2939091622829437 22
1580398843077 0.5617497563362122 23
1580398843138 0.5320196747779846 24
1580398843198 0.29156285524368286 25
1580398843257 0.37713730335235596 26
1580398843316 0.42546528577804565 27
1580398843376 0.2940109968185425 28
1580398843436 0.42653316259384155 29
