1580457073344 0.23076923 0
1580457073402 0.30769232 1
1580457073466 0.23076923 2
1580457073529 0.30769232 3
1580457073593 0.3846154 4
1580457073659 0.46153846 5
1580457073724 0.23076923 6
1580457073789 0.3846154 7
1580457073853 0.53846157 8
1580457073918 0.53846157 9
1580457073982 0.3846154 10
1580457074048 0.46153846 11
1580457074113 0.3846154 12
1580457074176 0.53846157 13
1580457074240 0.46153846 14
1580457074306 0.7692308 15
1580457074369 0.46153846 16
1580457074435 0.6923077 17
1580457074500 0.61538464 18
1580457074566 0.6923077 19
1580457074633 0.7692308 20
1580457074699 0.6923077 21
1580457074765 0.7692308 22
1580457074831 0.7692308 23
1580457074898 0.9230769 24
1580457074963 0.7692308 25
1580457075029 0.6923077 26
1580457075095 0.7692308 27
1580457075161 0.61538464 28
1580457075228 0.7692308 29
