1580457073344 1.4202302694320679 0
1580457073402 1.3440200090408325 1
1580457073466 1.3371599912643433 2
1580457073529 1.420417308807373 3
1580457073593 1.4614830017089844 4
1580457073659 1.2506725788116455 5
1580457073724 1.3482410907745361 6
1580457073789 1.4618690013885498 7
1580457073853 1.0957355499267578 8
1580457073918 1.2357203960418701 9
1580457073982 1.3672643899917603 10
1580457074048 1.11086905002594 11
1580457074113 1.1008087396621704 12
1580457074176 1.0035111904144287 13
1580457074240 0.9973164796829224 14
1580457074306 0.9577656984329224 15
1580457074369 0.8924071788787842 16
1580457074435 0.8435831665992737 17
1580457074500 0.83477783203125 18
1580457074566 0.6048898100852966 19
1580457074633 0.6703669428825378 20
1580457074699 0.6823527812957764 21
1580457074765 0.8321231007575989 22
1580457074831 0.6348861455917358 23
1580457074898 0.5944125056266785 24
1580457074963 0.5719135999679565 25
1580457075029 0.9090972542762756 26
1580457075095 0.6044273972511292 27
1580457075161 1.0981706380844116 28
1580457075228 0.4011053442955017 29
