1580398613865 0.15384616 0
1580398613914 0.15384616 1
1580398613966 0.30769232 2
1580398614020 0.3846154 3
1580398614072 0.53846157 4
1580398614125 0.53846157 5
1580398614177 0.46153846 6
1580398614230 0.61538464 7
1580398614282 0.6923077 8
1580398614335 0.9230769 9
1580398614388 0.61538464 10
1580398614440 0.6923077 11
1580398614494 0.84615386 12
1580398614547 0.7692308 13
1580398614601 0.6923077 14
1580398614654 0.6923077 15
1580398614708 0.9230769 16
1580398614761 0.7692308 17
1580398614813 0.6923077 18
1580398614867 0.84615386 19
1580398614920 0.84615386 20
1580398614975 0.6923077 21
1580398615028 1.0 22
1580398615082 0.61538464 23
1580398615136 0.9230769 24
1580398615189 0.6923077 25
1580398615243 0.9230769 26
1580398615302 0.9230769 27
1580398615360 0.84615386 28
1580398615414 1.0 29
