1580398613865 1.4081778526306152 0
1580398613914 1.8841614723205566 1
1580398613966 1.5219663381576538 2
1580398614020 1.1121900081634521 3
1580398614072 0.9188247323036194 4
1580398614125 0.9896065592765808 5
1580398614177 1.0913424491882324 6
1580398614230 1.0377641916275024 7
1580398614282 0.7692225575447083 8
1580398614335 0.6141753792762756 9
1580398614388 0.6789200305938721 10
1580398614440 0.6287683248519897 11
1580398614494 0.616614043712616 12
1580398614547 0.5741797685623169 13
1580398614601 0.8070169687271118 14
1580398614654 0.7119760513305664 15
1580398614708 0.5141514539718628 16
1580398614761 0.47742703557014465 17
1580398614813 0.6553807854652405 18
1580398614867 0.5130806565284729 19
1580398614920 0.46656784415245056 20
1580398614975 0.6877278089523315 21
1580398615028 0.2878607213497162 22
1580398615082 0.7355362772941589 23
1580398615136 0.39177006483078003 24
1580398615189 0.6688022017478943 25
1580398615243 0.4223676025867462 26
1580398615302 0.28236961364746094 27
1580398615360 0.35200613737106323 28
1580398615414 0.20495747029781342 29
