1580398884044 0.15384616 0
1580398884096 0.46153846 1
1580398884154 0.53846157 2
1580398884212 0.53846157 3
1580398884271 0.53846157 4
1580398884328 0.46153846 5
1580398884386 0.53846157 6
1580398884444 0.3846154 7
1580398884502 0.3846154 8
1580398884560 0.53846157 9
1580398884618 0.46153846 10
1580398884677 0.46153846 11
1580398884736 0.53846157 12
1580398884795 0.46153846 13
1580398884854 0.7692308 14
1580398884912 0.61538464 15
1580398884971 0.61538464 16
1580398885066 0.7692308 17
1580398885155 0.6923077 18
1580398885247 0.84615386 19
1580398885343 0.84615386 20
1580398885434 0.84615386 21
1580398885531 0.7692308 22
1580398885621 0.6923077 23
1580398885711 1.0 24
1580398885801 0.7692308 25
1580398885891 0.9230769 26
1580398885980 0.7692308 27
1580398886070 0.7692308 28
1580398886160 1.0 29
