1580398884044 1.3957566022872925 0
1580398884096 1.3722668886184692 1
1580398884154 1.3272916078567505 2
1580398884212 1.3110988140106201 3
1580398884271 1.2577780485153198 4
1580398884328 1.3012694120407104 5
1580398884386 1.218894362449646 6
1580398884444 1.319026231765747 7
1580398884502 1.3867087364196777 8
1580398884560 1.1760998964309692 9
1580398884618 1.2563588619232178 10
1580398884677 1.1421990394592285 11
1580398884736 0.997290849685669 12
1580398884795 1.0604926347732544 13
1580398884854 0.8134262561798096 14
1580398884912 0.9839597344398499 15
1580398884971 0.9125703573226929 16
1580398885066 0.7860809564590454 17
1580398885155 0.7901645302772522 18
1580398885247 0.6603448390960693 19
1580398885343 0.6461413502693176 20
1580398885434 0.5961085557937622 21
1580398885531 0.7339593172073364 22
1580398885621 0.5688944458961487 23
1580398885711 0.45160913467407227 24
1580398885801 0.5609700679779053 25
1580398885891 0.3575745224952698 26
1580398885980 0.4039403796195984 27
1580398886070 0.5394729375839233 28
1580398886160 0.19637206196784973 29
