1580398609391 0.23076923 0
1580398609438 0.23076923 1
1580398609491 0.46153846 2
1580398609544 0.30769232 3
1580398609598 0.30769232 4
1580398609651 0.30769232 5
1580398609704 0.3846154 6
1580398609756 0.46153846 7
1580398609810 0.3846154 8
1580398609863 0.53846157 9
1580398609917 0.46153846 10
1580398609972 0.46153846 11
1580398610025 0.53846157 12
1580398610079 0.53846157 13
1580398610133 0.46153846 14
1580398610187 0.6923077 15
1580398610240 0.6923077 16
1580398610296 0.7692308 17
1580398610351 0.61538464 18
1580398610407 0.9230769 19
1580398610492 0.7692308 20
1580398610573 0.61538464 21
1580398610653 0.7692308 22
1580398610734 0.9230769 23
1580398610814 0.84615386 24
1580398610895 0.7692308 25
1580398610975 0.9230769 26
1580398611057 0.84615386 27
1580398611138 0.7692308 28
1580398611219 0.9230769 29
