1580398609391 1.4202302694320679 0
1580398609438 1.3789334297180176 1
1580398609491 1.3108327388763428 2
1580398609544 1.3602796792984009 3
1580398609598 1.4328219890594482 4
1580398609651 1.2847445011138916 5
1580398609704 1.3256999254226685 6
1580398609756 1.2256157398223877 7
1580398609810 1.2160385847091675 8
1580398609863 1.3183035850524902 9
1580398609917 1.1352202892303467 10
1580398609972 1.0568591356277466 11
1580398610025 0.987130880355835 12
1580398610079 0.9346572160720825 13
1580398610133 0.9973236322402954 14
1580398610187 0.9652245044708252 15
1580398610240 0.911809504032135 16
1580398610296 0.8016030788421631 17
1580398610351 0.7342973947525024 18
1580398610407 0.601619303226471 19
1580398610492 0.716241717338562 20
1580398610573 0.7599338889122009 21
1580398610653 0.5793473124504089 22
1580398610734 0.5052279233932495 23
1580398610814 0.4930632710456848 24
1580398610895 0.5745662450790405 25
1580398610975 0.4499843716621399 26
1580398611057 0.30244341492652893 27
1580398611138 0.46461308002471924 28
1580398611219 0.3489556610584259 29
