1580398877284 0.23076923 0
1580398877340 0.23076923 1
1580398877432 0.3846154 2
1580398877521 0.3846154 3
1580398877610 0.30769232 4
1580398877700 0.3846154 5
1580398877789 0.30769232 6
1580398877878 0.46153846 7
1580398877970 0.6923077 8
1580398878064 0.61538464 9
1580398878153 0.53846157 10
1580398878245 0.84615386 11
1580398878335 0.6923077 12
1580398878424 0.84615386 13
1580398878514 0.61538464 14
1580398878604 0.7692308 15
1580398878694 0.6923077 16
1580398878784 0.7692308 17
1580398878874 1.0 18
1580398878964 0.6923077 19
1580398879055 0.9230769 20
1580398879145 0.84615386 21
1580398879235 0.61538464 22
1580398879326 0.84615386 23
1580398879416 0.84615386 24
1580398879506 0.84615386 25
1580398879596 0.9230769 26
1580398879686 0.9230769 27
1580398879777 0.84615386 28
1580398879868 0.7692308 29
