1580398877284 1.3862897157669067 0
1580398877340 1.3712632656097412 1
1580398877432 1.3102872371673584 2
1580398877521 1.3015104532241821 3
1580398877610 1.3139450550079346 4
1580398877700 1.253201961517334 5
1580398877789 1.4139002561569214 6
1580398877878 1.1966898441314697 7
1580398877970 1.138629674911499 8
1580398878064 1.070746898651123 9
1580398878153 1.0466327667236328 10
1580398878245 0.809590220451355 11
1580398878335 0.7946649789810181 12
1580398878424 0.7174293994903564 13
1580398878514 0.9029963612556458 14
1580398878604 0.546187698841095 15
1580398878694 0.6253031492233276 16
1580398878784 0.6555302143096924 17
1580398878874 0.42867690324783325 18
1580398878964 0.6623098850250244 19
1580398879055 0.5661555528640747 20
1580398879145 0.39147669076919556 21
1580398879235 0.8680076599121094 22
1580398879326 0.5478284358978271 23
1580398879416 0.49428561329841614 24
1580398879506 0.4364323914051056 25
1580398879596 0.20292247831821442 26
1580398879686 0.2675626575946808 27
1580398879777 0.30724093317985535 28
1580398879868 0.4976699650287628 29
