1580398568681 0.23076923 0
1580398568729 0.3846154 1
1580398568781 0.15384616 2
1580398568834 0.3846154 3
1580398568887 0.23076923 4
1580398568939 0.30769232 5
1580398568992 0.53846157 6
1580398569045 0.46153846 7
1580398569096 0.30769232 8
1580398569147 0.46153846 9
1580398569201 0.61538464 10
1580398569254 0.9230769 11
1580398569306 0.7692308 12
1580398569358 0.84615386 13
1580398569409 1.0 14
1580398569463 0.84615386 15
1580398569515 0.7692308 16
1580398569568 1.0 17
1580398569620 0.84615386 18
1580398569671 0.84615386 19
1580398569723 0.7692308 20
1580398569776 0.84615386 21
1580398569829 0.9230769 22
1580398569883 0.84615386 23
1580398569937 0.9230769 24
1580398569990 0.7692308 25
1580398570043 0.6923077 26
1580398570095 0.6923077 27
1580398570149 0.9230769 28
1580398570202 0.9230769 29
