1580398568681 1.3454171419143677 0
1580398568729 45.66688919067383 1
1580398568781 77.04106903076172 2
1580398568834 46.091796875 3
1580398568887 37.16829299926758 4
1580398568939 37.71746063232422 5
1580398568992 18.15203094482422 6
1580398569045 9.5153226852417 7
1580398569096 5.764445781707764 8
1580398569147 7.859638690948486 9
1580398569201 1.6151572465896606 10
1580398569254 0.21946009993553162 11
1580398569306 1.2336817979812622 12
1580398569358 0.6902580261230469 13
1580398569409 0.10234986245632172 14
1580398569463 0.21724623441696167 15
1580398569515 0.7593542337417603 16
1580398569568 0.18772810697555542 17
1580398569620 0.38781043887138367 18
1580398569671 0.49518221616744995 19
1580398569723 0.5249340534210205 20
1580398569776 0.2726426422595978 21
1580398569829 0.23153792321681976 22
1580398569883 0.22572487592697144 23
1580398569937 0.6542567610740662 24
1580398569990 0.4128606915473938 25
1580398570043 0.8643960356712341 26
1580398570095 0.8891036510467529 27
1580398570149 0.3729630708694458 28
1580398570202 0.25527817010879517 29
