1580457027230 0.30769232 0
1580457027289 0.30769232 1
1580457027353 0.30769232 2
1580457027417 0.30769232 3
1580457027479 0.3846154 4
1580457027542 0.30769232 5
1580457027604 0.61538464 6
1580457027667 0.53846157 7
1580457027732 0.61538464 8
1580457027798 0.6923077 9
1580457027898 0.6923077 10
1580457027993 0.53846157 11
1580457028087 0.61538464 12
1580457028181 0.84615386 13
1580457028275 0.6923077 14
1580457028372 0.53846157 15
1580457028467 0.6923077 16
1580457028563 0.30769232 17
1580457028657 0.46153846 18
1580457028751 0.61538464 19
1580457028846 0.53846157 20
1580457028941 0.6923077 21
1580457029036 0.6923077 22
1580457029132 0.53846157 23
1580457029227 0.6923077 24
1580457029323 0.7692308 25
1580457029419 0.84615386 26
1580457029515 0.61538464 27
1580457029611 0.6923077 28
1580457029713 0.84615386 29
