1580457027230 1.383422613143921 0
1580457027289 96.32254791259766 1
1580457027353 154.66770935058594 2
1580457027417 18.143632888793945 3
1580457027479 10.959160804748535 4
1580457027542 7.1806840896606445 5
1580457027604 2.4546849727630615 6
1580457027667 2.6763758659362793 7
1580457027732 1.503421664237976 8
1580457027798 0.8317053914070129 9
1580457027898 1.235549807548523 10
1580457027993 1.3083269596099854 11
1580457028087 1.1435577869415283 12
1580457028181 0.6104271411895752 13
1580457028275 0.9824808835983276 14
1580457028372 0.7413824796676636 15
1580457028467 1.710563063621521 16
1580457028563 1.9844616651535034 17
1580457028657 1.0884671211242676 18
1580457028751 1.0590710639953613 19
1580457028846 1.082303524017334 20
1580457028941 0.6822975873947144 21
1580457029036 0.6443949937820435 22
1580457029132 0.9118407964706421 23
1580457029227 0.6976315975189209 24
1580457029323 0.5546382069587708 25
1580457029419 0.5280870199203491 26
1580457029515 0.9180099964141846 27
1580457029611 0.5476008653640747 28
1580457029713 0.4537200331687927 29
