1580368072316 0.07692308 0
1580368072382 0.30769232 1
1580368072431 0.23076923 2
1580368072477 0.30769232 3
1580368072526 0.3846154 4
1580368072597 0.53846157 5
1580368072663 0.30769232 6
1580368072729 0.46153846 7
1580368072802 0.46153846 8
1580368072868 0.23076923 9
1580368072934 0.53846157 10
1580368073002 0.3846154 11
1580368073075 0.46153846 12
1580368073149 0.53846157 13
1580368073217 0.53846157 14
1580368073285 0.53846157 15
1580368073352 0.6923077 16
1580368073420 0.61538464 17
1580368073488 0.53846157 18
1580368073556 0.53846157 19
1580368073624 0.6923077 20
1580368073692 0.3846154 21
1580368073760 0.53846157 22
1580368073829 0.61538464 23
1580368073897 0.61538464 24
1580368073966 0.61538464 25
1580368074034 0.53846157 26
1580368074103 0.61538464 27
1580368074171 0.46153846 28
1580368074241 0.61538464 29
