1580368072316 1.5326253175735474 0
1580368072382 1.3474558591842651 1
1580368072431 1.4099059104919434 2
1580368072477 1.3594061136245728 3
1580368072526 1.3412292003631592 4
1580368072597 1.3314831256866455 5
1580368072663 1.348926067352295 6
1580368072729 1.3523017168045044 7
1580368072802 1.3419100046157837 8
1580368072868 1.4520195722579956 9
1580368072934 1.2651689052581787 10
1580368073002 1.3337041139602661 11
1580368073075 1.304365634918213 12
1580368073149 1.293489933013916 13
1580368073217 1.2639350891113281 14
1580368073285 1.2564449310302734 15
1580368073352 1.2335318326950073 16
1580368073420 1.2597033977508545 17
1580368073488 1.3331122398376465 18
1580368073556 1.2070302963256836 19
1580368073624 1.2467581033706665 20
1580368073692 1.3733365535736084 21
1580368073760 1.3231823444366455 22
1580368073829 1.2456333637237549 23
1580368073897 1.2243913412094116 24
1580368073966 1.2260191440582275 25
1580368074034 1.2385355234146118 26
1580368074103 1.2697415351867676 27
1580368074171 1.2437540292739868 28
1580368074241 1.1645909547805786 29
