1580398690126 0.3846154 0
1580398690178 0.30769232 1
1580398690234 0.30769232 2
1580398690288 0.23076923 3
1580398690342 0.30769232 4
1580398690399 0.3846154 5
1580398690455 0.46153846 6
1580398690511 0.30769232 7
1580398690567 0.30769232 8
1580398690622 0.3846154 9
1580398690677 0.30769232 10
1580398690732 0.46153846 11
1580398690788 0.6923077 12
1580398690843 0.3846154 13
1580398690898 0.46153846 14
1580398690954 0.53846157 15
1580398691009 0.46153846 16
1580398691064 0.53846157 17
1580398691119 0.61538464 18
1580398691174 0.61538464 19
1580398691232 0.6923077 20
1580398691287 0.6923077 21
1580398691343 0.53846157 22
1580398691399 0.6923077 23
1580398691455 0.6923077 24
1580398691511 0.53846157 25
1580398691567 0.84615386 26
1580398691624 0.9230769 27
1580398691680 0.7692308 28
1580398691736 0.84615386 29
