1580398690126 1.396699070930481 0
1580398690178 1.3211497068405151 1
1580398690234 1.333385705947876 2
1580398690288 1.3344565629959106 3
1580398690342 1.303391695022583 4
1580398690399 1.3121814727783203 5
1580398690455 1.2965539693832397 6
1580398690511 1.2521493434906006 7
1580398690567 1.2763848304748535 8
1580398690622 1.2220351696014404 9
1580398690677 1.2559059858322144 10
1580398690732 1.3104121685028076 11
1580398690788 1.1616287231445312 12
1580398690843 1.153928518295288 13
1580398690898 1.1889464855194092 14
1580398690954 1.23074209690094 15
1580398691009 1.098650574684143 16
1580398691064 1.2525397539138794 17
1580398691119 1.079158902168274 18
1580398691174 1.0562416315078735 19
1580398691232 0.9412532448768616 20
1580398691287 1.0376235246658325 21
1580398691343 0.9968336820602417 22
1580398691399 1.0000786781311035 23
1580398691455 0.93619704246521 24
1580398691511 0.9352073669433594 25
1580398691567 0.8562523722648621 26
1580398691624 0.8565136194229126 27
1580398691680 0.7778323292732239 28
1580398691736 0.7864266037940979 29
