1580398752348 0.23076923 0
1580398752400 0.46153846 1
1580398752457 0.3846154 2
1580398752514 0.3846154 3
1580398752570 0.30769232 4
1580398752628 0.15384616 5
1580398752685 0.46153846 6
1580398752742 0.3846154 7
1580398752798 0.3846154 8
1580398752855 0.30769232 9
1580398752910 0.3846154 10
1580398752966 0.46153846 11
1580398753024 0.46153846 12
1580398753081 0.6923077 13
1580398753137 0.53846157 14
1580398753194 0.61538464 15
1580398753253 0.53846157 16
1580398753311 0.61538464 17
1580398753370 0.61538464 18
1580398753460 0.46153846 19
1580398753544 0.61538464 20
1580398753628 0.46153846 21
1580398753712 0.61538464 22
1580398753797 0.9230769 23
1580398753881 0.6923077 24
1580398753965 0.61538464 25
1580398754049 0.61538464 26
1580398754134 0.6923077 27
1580398754219 0.53846157 28
1580398754303 0.84615386 29
