1580398752348 1.396634578704834 0
1580398752400 1.3511995077133179 1
1580398752457 1.3798149824142456 2
1580398752514 1.3662382364273071 3
1580398752570 1.3932034969329834 4
1580398752628 1.4100267887115479 5
1580398752685 1.3563169240951538 6
1580398752742 1.3247971534729004 7
1580398752798 1.3124198913574219 8
1580398752855 1.3081926107406616 9
1580398752910 1.3149333000183105 10
1580398752966 1.2722479104995728 11
1580398753024 1.2652589082717896 12
1580398753081 1.2114441394805908 13
1580398753137 1.2378325462341309 14
1580398753194 1.185318946838379 15
1580398753253 1.1587964296340942 16
1580398753311 1.1430103778839111 17
1580398753370 1.13388991355896 18
1580398753460 1.1733994483947754 19
1580398753544 1.1264173984527588 20
1580398753628 1.1554697751998901 21
1580398753712 1.0679386854171753 22
1580398753797 0.9481238126754761 23
1580398753881 0.9348879456520081 24
1580398753965 1.0673524141311646 25
1580398754049 0.8745437264442444 26
1580398754134 0.9560686349868774 27
1580398754219 1.0037405490875244 28
1580398754303 0.8970019817352295 29
