1580456957797 0.23076923 0
1580456957852 0.15384616 1
1580456957914 0.30769232 2
1580456957977 0.30769232 3
1580456958039 0.53846157 4
1580456958099 0.30769232 5
1580456958162 0.3846154 6
1580456958225 0.3846154 7
1580456958286 0.53846157 8
1580456958350 0.6923077 9
1580456958413 0.53846157 10
1580456958474 0.7692308 11
1580456958538 0.61538464 12
1580456958602 0.6923077 13
1580456958666 0.6923077 14
1580456958729 0.53846157 15
1580456958791 0.61538464 16
1580456958852 0.6923077 17
1580456958918 0.6923077 18
1580456959016 0.61538464 19
1580456959109 0.6923077 20
1580456959202 0.6923077 21
1580456959296 0.84615386 22
1580456959389 0.46153846 23
1580456959483 0.6923077 24
1580456959585 0.84615386 25
1580456959679 0.6923077 26
1580456959773 0.7692308 27
1580456959866 0.84615386 28
1580456959960 0.84615386 29
