1580456957797 1.4286766052246094 0
1580456957852 1.3765718936920166 1
1580456957914 1.2969938516616821 2
1580456957977 1.2998378276824951 3
1580456958039 1.159717321395874 4
1580456958099 1.3062185049057007 5
1580456958162 1.2201125621795654 6
1580456958225 1.199967622756958 7
1580456958286 1.094865083694458 8
1580456958350 0.9162284135818481 9
1580456958413 0.8678101897239685 10
1580456958474 0.8127081990242004 11
1580456958538 0.9775964021682739 12
1580456958602 0.853192925453186 13
1580456958666 0.7988496422767639 14
1580456958729 0.8471405506134033 15
1580456958791 0.7885524034500122 16
1580456958852 0.7946637272834778 17
1580456958918 0.7973617911338806 18
1580456959016 0.752991259098053 19
1580456959109 0.7664310932159424 20
1580456959202 0.5755245685577393 21
1580456959296 0.4895796477794647 22
1580456959389 0.8685085773468018 23
1580456959483 0.5578262805938721 24
1580456959585 0.4044048488140106 25
1580456959679 0.6835161447525024 26
1580456959773 0.40949052572250366 27
1580456959866 0.2603389620780945 28
1580456959960 0.38202011585235596 29
