1580398814824 0.23076923 0
1580398814882 0.30769232 1
1580398814940 0.3846154 2
1580398814997 0.30769232 3
1580398815054 0.3846154 4
1580398815113 0.30769232 5
1580398815171 0.30769232 6
1580398815228 0.46153846 7
1580398815286 0.46153846 8
1580398815344 0.3846154 9
1580398815401 0.61538464 10
1580398815459 0.53846157 11
1580398815517 0.6923077 12
1580398815574 0.53846157 13
1580398815631 0.3846154 14
1580398815688 0.61538464 15
1580398815745 0.6923077 16
1580398815803 0.6923077 17
1580398815861 0.61538464 18
1580398815918 0.7692308 19
1580398815976 0.6923077 20
1580398816034 0.53846157 21
1580398816091 0.61538464 22
1580398816149 0.7692308 23
1580398816207 0.53846157 24
1580398816267 0.6923077 25
1580398816325 0.6923077 26
1580398816383 0.7692308 27
1580398816441 0.6923077 28
1580398816498 0.6923077 29
