1580398814824 1.4049314260482788 0
1580398814882 1.3797425031661987 1
1580398814940 1.3135782480239868 2
1580398814997 1.3553814888000488 3
1580398815054 1.3756682872772217 4
1580398815113 1.3035997152328491 5
1580398815171 1.3494057655334473 6
1580398815228 1.266721487045288 7
1580398815286 1.2537264823913574 8
1580398815344 1.2665597200393677 9
1580398815401 1.0578080415725708 10
1580398815459 1.1075937747955322 11
1580398815517 1.0782815217971802 12
1580398815574 0.9971980452537537 13
1580398815631 1.1663538217544556 14
1580398815688 0.9798460006713867 15
1580398815745 0.8834260106086731 16
1580398815803 0.8050922751426697 17
1580398815861 0.8762425780296326 18
1580398815918 0.7085355520248413 19
1580398815976 0.5150938034057617 20
1580398816034 1.0387294292449951 21
1580398816091 0.7622030973434448 22
1580398816149 0.5430235862731934 23
1580398816207 0.784972608089447 24
1580398816267 0.5106143355369568 25
1580398816325 0.8039413690567017 26
1580398816383 0.5579860210418701 27
1580398816441 0.5958852171897888 28
1580398816498 0.7147594094276428 29
