1580457004910 0.23076923 0
1580457004968 0.30769232 1
1580457005028 0.3846154 2
1580457005090 0.46153846 3
1580457005153 0.53846157 4
1580457005216 0.53846157 5
1580457005279 0.53846157 6
1580457005342 0.53846157 7
1580457005406 0.53846157 8
1580457005469 0.61538464 9
1580457005531 0.84615386 10
1580457005594 0.6923077 11
1580457005655 0.46153846 12
1580457005719 0.53846157 13
1580457005783 0.9230769 14
1580457005847 0.61538464 15
1580457005911 0.6923077 16
1580457005975 0.84615386 17
1580457006039 0.6923077 18
1580457006104 0.7692308 19
1580457006168 0.53846157 20
1580457006229 0.84615386 21
1580457006291 0.9230769 22
1580457006355 0.6923077 23
1580457006420 0.53846157 24
1580457006485 0.7692308 25
1580457006549 0.84615386 26
1580457006615 0.84615386 27
1580457006680 0.84615386 28
1580457006746 0.61538464 29
