1580457004910 1.4067178964614868 0
1580457004968 1.3240214586257935 1
1580457005028 1.2418897151947021 2
1580457005090 1.2367419004440308 3
1580457005153 1.16623854637146 4
1580457005216 1.2570761442184448 5
1580457005279 1.1444557905197144 6
1580457005342 1.117372989654541 7
1580457005406 1.1267935037612915 8
1580457005469 0.9895859956741333 9
1580457005531 0.8261091709136963 10
1580457005594 0.9820220470428467 11
1580457005655 0.967003583908081 12
1580457005719 0.89094078540802 13
1580457005783 0.6796556115150452 14
1580457005847 0.7379613518714905 15
1580457005911 0.8252251148223877 16
1580457005975 0.730308473110199 17
1580457006039 0.745640218257904 18
1580457006104 0.6020365357398987 19
1580457006168 0.9216915965080261 20
1580457006229 0.6924702525138855 21
1580457006291 0.4817773103713989 22
1580457006355 0.7484896779060364 23
1580457006420 0.7528902292251587 24
1580457006485 0.669062077999115 25
1580457006549 0.5861121416091919 26
1580457006615 0.5202614665031433 27
1580457006680 0.6715332865715027 28
1580457006746 0.6596539616584778 29
