1580398910818 0.15384616 0
1580398910872 0.3846154 1
1580398910930 0.3846154 2
1580398910989 0.3846154 3
1580398911047 0.61538464 4
1580398911108 0.23076923 5
1580398911169 0.53846157 6
1580398911230 0.30769232 7
1580398911292 0.53846157 8
1580398911387 0.3846154 9
1580398911477 0.53846157 10
1580398911570 0.3846154 11
1580398911661 0.61538464 12
1580398911752 0.6923077 13
1580398911842 0.6923077 14
1580398911933 0.46153846 15
1580398912024 0.53846157 16
1580398912114 0.6923077 17
1580398912205 0.53846157 18
1580398912296 0.61538464 19
1580398912388 0.7692308 20
1580398912479 0.84615386 21
1580398912571 0.84615386 22
1580398912662 0.84615386 23
1580398912754 0.9230769 24
1580398912845 0.7692308 25
1580398912936 0.7692308 26
1580398913028 0.7692308 27
1580398913120 0.84615386 28
1580398913211 0.6923077 29
