1580398910818 1.4144785404205322 0
1580398910872 1.3592153787612915 1
1580398910930 1.3618297576904297 2
1580398910989 1.3201628923416138 3
1580398911047 1.262908935546875 4
1580398911108 1.3385605812072754 5
1580398911169 1.2036519050598145 6
1580398911230 1.327924132347107 7
1580398911292 1.125618815422058 8
1580398911387 1.1140080690383911 9
1580398911477 1.1458122730255127 10
1580398911570 1.3363020420074463 11
1580398911661 0.9952173829078674 12
1580398911752 0.9383528828620911 13
1580398911842 0.8610967993736267 14
1580398911933 1.0236704349517822 15
1580398912024 0.8968398571014404 16
1580398912114 0.7677698135375977 17
1580398912205 0.7978521585464478 18
1580398912296 0.7687643766403198 19
1580398912388 0.6189988851547241 20
1580398912479 0.454548180103302 21
1580398912571 0.4986596405506134 22
1580398912662 0.4935658574104309 23
1580398912754 0.4132993519306183 24
1580398912845 0.5143733620643616 25
1580398912936 0.5366830229759216 26
1580398913028 0.6254667043685913 27
1580398913120 0.4806306064128876 28
1580398913211 0.7356532216072083 29
