1580398758003 0.23076923 0
1580398758053 0.46153846 1
1580398758109 0.30769232 2
1580398758164 0.23076923 3
1580398758223 0.3846154 4
1580398758283 0.07692308 5
1580398758338 0.3846154 6
1580398758396 0.46153846 7
1580398758484 0.53846157 8
1580398758575 0.53846157 9
1580398758660 0.6923077 10
1580398758745 0.46153846 11
1580398758830 0.61538464 12
1580398758915 0.6923077 13
1580398759001 0.46153846 14
1580398759088 0.84615386 15
1580398759173 0.6923077 16
1580398759261 0.6923077 17
1580398759351 0.6923077 18
1580398759439 0.84615386 19
1580398759525 0.61538464 20
1580398759611 0.6923077 21
1580398759697 0.7692308 22
1580398759783 0.61538464 23
1580398759871 0.84615386 24
1580398759957 0.84615386 25
1580398760043 0.9230769 26
1580398760130 0.7692308 27
1580398760216 0.7692308 28
1580398760303 0.61538464 29
