1580398758003 1.3827890157699585 0
1580398758053 24.674184799194336 1
1580398758109 80.74565887451172 2
1580398758164 16.738584518432617 3
1580398758223 31.784292221069336 4
1580398758283 20.79484748840332 5
1580398758338 6.791720867156982 6
1580398758396 2.794308662414551 7
1580398758484 2.0022175312042236 8
1580398758575 1.091639757156372 9
1580398758660 0.7721443176269531 10
1580398758745 1.1177945137023926 11
1580398758830 0.7529808878898621 12
1580398758915 0.6008166074752808 13
1580398759001 1.5811432600021362 14
1580398759088 0.7161105275154114 15
1580398759173 0.8070377707481384 16
1580398759261 0.770279049873352 17
1580398759351 0.7117431163787842 18
1580398759439 0.48735758662223816 19
1580398759525 0.772635817527771 20
1580398759611 0.724044680595398 21
1580398759697 0.9715549945831299 22
1580398759783 0.6656385660171509 23
1580398759871 0.5715108513832092 24
1580398759957 0.3367882966995239 25
1580398760043 0.33736059069633484 26
1580398760130 0.609171986579895 27
1580398760216 0.5902842879295349 28
1580398760303 0.7329397797584534 29
