1580398498232 0.46153846 0
1580398498278 0.23076923 1
1580398498329 0.3846154 2
1580398498380 0.53846157 3
1580398498430 0.23076923 4
1580398498481 0.46153846 5
1580398498531 0.3846154 6
1580398498580 0.3846154 7
1580398498630 0.46153846 8
1580398498679 0.46153846 9
1580398498728 0.53846157 10
1580398498779 0.3846154 11
1580398498828 0.84615386 12
1580398498877 0.3846154 13
1580398498927 0.61538464 14
1580398498977 0.84615386 15
1580398499027 0.84615386 16
1580398499079 0.7692308 17
1580398499131 0.7692308 18
1580398499182 0.7692308 19
1580398499234 0.7692308 20
1580398499284 0.84615386 21
1580398499335 0.61538464 22
1580398499385 0.84615386 23
1580398499437 0.61538464 24
1580398499487 0.7692308 25
1580398499537 0.7692308 26
1580398499587 1.0 27
1580398499639 0.7692308 28
1580398499692 0.84615386 29
