1580398498232 1.313718318939209 0
1580398498278 1.3213484287261963 1
1580398498329 1.3307121992111206 2
1580398498380 1.2113007307052612 3
1580398498430 1.4229893684387207 4
1580398498481 1.4729816913604736 5
1580398498531 1.3625534772872925 6
1580398498580 1.214791178703308 7
1580398498630 1.1135544776916504 8
1580398498679 1.0632778406143188 9
1580398498728 1.0376907587051392 10
1580398498779 1.2517049312591553 11
1580398498828 0.777549147605896 12
1580398498877 1.0036498308181763 13
1580398498927 0.8217107057571411 14
1580398498977 0.5710687041282654 15
1580398499027 0.7222610712051392 16
1580398499079 0.844925045967102 17
1580398499131 0.5514427423477173 18
1580398499182 0.6134907007217407 19
1580398499234 0.5228567123413086 20
1580398499284 0.48550307750701904 21
1580398499335 0.7214261293411255 22
1580398499385 0.3715232312679291 23
1580398499437 0.7693942785263062 24
1580398499487 0.515950083732605 25
1580398499537 0.5347453355789185 26
1580398499587 0.2479662150144577 27
1580398499639 0.42215025424957275 28
1580398499692 0.23068295419216156 29
