1580398679716 0.23076923 0
1580398679772 0.53846157 1
1580398679828 0.53846157 2
1580398679883 0.30769232 3
1580398679937 0.3846154 4
1580398679991 0.30769232 5
1580398680047 0.30769232 6
1580398680102 0.46153846 7
1580398680158 0.3846154 8
1580398680214 0.53846157 9
1580398680269 0.30769232 10
1580398680325 0.30769232 11
1580398680380 0.46153846 12
1580398680436 0.3846154 13
1580398680492 0.53846157 14
1580398680547 0.30769232 15
1580398680603 0.53846157 16
1580398680658 0.61538464 17
1580398680714 0.30769232 18
1580398680772 0.46153846 19
1580398680827 0.30769232 20
1580398680882 0.53846157 21
1580398680937 0.46153846 22
1580398680994 0.61538464 23
1580398681081 0.23076923 24
1580398681165 0.23076923 25
1580398681249 0.30769232 26
1580398681335 0.30769232 27
1580398681419 0.3846154 28
1580398681503 0.3846154 29
