1580398679716 1.403778076171875 0
1580398679772 1.3168195486068726 1
1580398679828 1.234476089477539 2
1580398679883 1.3803188800811768 3
1580398679937 1.208081603050232 4
1580398679991 1.3708109855651855 5
1580398680047 1.4116132259368896 6
1580398680102 1.0092859268188477 7
1580398680158 1.4839024543762207 8
1580398680214 1.1417338848114014 9
1580398680269 2.6924374103546143 10
1580398680325 4.292715072631836 11
1580398680380 1.5862419605255127 12
1580398680436 1.493764877319336 13
1580398680492 0.8947926163673401 14
1580398680547 1.427037000656128 15
1580398680603 0.9841506481170654 16
1580398680658 1.2416458129882812 17
1580398680714 1.4162850379943848 18
1580398680772 1.0523169040679932 19
1580398680827 1.2715566158294678 20
1580398680882 1.0407065153121948 21
1580398680937 0.9846839904785156 22
1580398680994 0.9788776636123657 23
1580398681081 1.3411600589752197 24
1580398681165 1.4571360349655151 25
1580398681249 1.1992295980453491 26
1580398681335 1.2830792665481567 27
1580398681419 1.2616584300994873 28
1580398681503 1.3261864185333252 29
