1580398506896 0.23076923 0
1580398506946 0.3846154 1
1580398506996 0.30769232 2
1580398507045 0.15384616 3
1580398507094 0.3846154 4
1580398507144 0.30769232 5
1580398507196 0.3846154 6
1580398507275 0.46153846 7
1580398507349 0.3846154 8
1580398507423 0.46153846 9
1580398507496 0.61538464 10
1580398507570 0.7692308 11
1580398507644 0.61538464 12
1580398507719 0.6923077 13
1580398507793 0.84615386 14
1580398507869 0.6923077 15
1580398507944 0.6923077 16
1580398508019 0.61538464 17
1580398508095 0.7692308 18
1580398508171 0.46153846 19
1580398508247 0.84615386 20
1580398508322 0.7692308 21
1580398508398 0.6923077 22
1580398508474 0.61538464 23
1580398508550 0.7692308 24
1580398508625 0.7692308 25
1580398508701 0.6923077 26
1580398508778 0.61538464 27
1580398508854 0.6923077 28
1580398508931 0.61538464 29
