1580398506896 1.4154853820800781 0
1580398506946 1.3496335744857788 1
1580398506996 1.3778401613235474 2
1580398507045 1.5036708116531372 3
1580398507094 1.2749266624450684 4
1580398507144 1.2530486583709717 5
1580398507196 1.1597720384597778 6
1580398507275 1.1568195819854736 7
1580398507349 1.111149549484253 8
1580398507423 0.9552120566368103 9
1580398507496 0.7679877877235413 10
1580398507570 0.7605301737785339 11
1580398507644 1.074219822883606 12
1580398507719 0.8441309332847595 13
1580398507793 0.6101158261299133 14
1580398507869 0.7270176410675049 15
1580398507944 0.6047413349151611 16
1580398508019 0.648320198059082 17
1580398508095 0.5608248114585876 18
1580398508171 1.004978895187378 19
1580398508247 0.6742643713951111 20
1580398508322 0.3361104130744934 21
1580398508398 0.8082400560379028 22
1580398508474 0.976992666721344 23
1580398508550 0.9045804142951965 24
1580398508625 0.7880156636238098 25
1580398508701 1.0186883211135864 26
1580398508778 0.7736829519271851 27
1580398508854 0.6279603242874146 28
1580398508931 0.8787624835968018 29
