1580457088093 0.23076923 0
1580457088154 0.30769232 1
1580457088219 0.30769232 2
1580457088284 0.53846157 3
1580457088352 0.46153846 4
1580457088454 0.23076923 5
1580457088551 0.61538464 6
1580457088649 0.46153846 7
1580457088745 0.61538464 8
1580457088842 0.30769232 9
1580457088940 0.30769232 10
1580457089037 0.53846157 11
1580457089135 0.6923077 12
1580457089233 0.53846157 13
1580457089331 0.6923077 14
1580457089429 0.61538464 15
1580457089527 0.46153846 16
1580457089625 0.46153846 17
1580457089724 0.7692308 18
1580457089822 0.53846157 19
1580457089920 0.46153846 20
1580457090019 0.6923077 21
1580457090118 0.9230769 22
1580457090216 0.6923077 23
1580457090315 0.84615386 24
1580457090414 0.7692308 25
1580457090513 0.9230769 26
1580457090612 0.84615386 27
1580457090711 0.61538464 28
1580457090810 0.61538464 29
