1580457088093 1.3711518049240112 0
1580457088154 1.3880239725112915 1
1580457088219 1.3242868185043335 2
1580457088284 1.3337198495864868 3
1580457088352 1.3282731771469116 4
1580457088454 1.4065721035003662 5
1580457088551 1.1862969398498535 6
1580457088649 1.2071584463119507 7
1580457088745 1.1471984386444092 8
1580457088842 1.6544984579086304 9
1580457088940 1.23158860206604 10
1580457089037 1.2109395265579224 11
1580457089135 1.0157685279846191 12
1580457089233 0.9555597901344299 13
1580457089331 0.7567030191421509 14
1580457089429 1.0092661380767822 15
1580457089527 0.9609759449958801 16
1580457089625 0.9404412508010864 17
1580457089724 0.7184029817581177 18
1580457089822 0.9427232146263123 19
1580457089920 1.03452730178833 20
1580457090019 0.6786515712738037 21
1580457090118 0.43192732334136963 22
1580457090216 0.7073168158531189 23
1580457090315 0.5342344045639038 24
1580457090414 0.7396666407585144 25
1580457090513 0.3366793990135193 26
1580457090612 0.3883053958415985 27
1580457090711 0.9445610046386719 28
1580457090810 0.7879019379615784 29
