1580398549526 0.23076923 0
1580398549576 0.3846154 1
1580398549629 0.23076923 2
1580398549682 0.46153846 3
1580398549735 0.53846157 4
1580398549788 0.53846157 5
1580398549840 0.30769232 6
1580398549892 0.61538464 7
1580398549945 0.30769232 8
1580398549997 0.46153846 9
1580398550050 0.6923077 10
1580398550102 0.23076923 11
1580398550156 0.53846157 12
1580398550208 0.84615386 13
1580398550259 0.46153846 14
1580398550310 0.7692308 15
1580398550363 0.61538464 16
1580398550416 0.84615386 17
1580398550468 0.84615386 18
1580398550522 0.7692308 19
1580398550575 0.84615386 20
1580398550628 0.6923077 21
1580398550680 0.6923077 22
1580398550733 0.9230769 23
1580398550787 0.9230769 24
1580398550840 0.9230769 25
1580398550891 0.84615386 26
1580398550943 0.84615386 27
1580398550994 0.7692308 28
1580398551046 0.46153846 29
