1580398549526 1.3475168943405151 0
1580398549576 1.3523313999176025 1
1580398549629 1.385797381401062 2
1580398549682 1.4085150957107544 3
1580398549735 1.2419649362564087 4
1580398549788 1.1792552471160889 5
1580398549840 1.3670883178710938 6
1580398549892 1.1207901239395142 7
1580398549945 1.2177256345748901 8
1580398549997 1.0966224670410156 9
1580398550050 1.004823923110962 10
1580398550102 1.211660385131836 11
1580398550156 0.9650490283966064 12
1580398550208 0.8065807819366455 13
1580398550259 1.0013738870620728 14
1580398550310 0.7363789081573486 15
1580398550363 0.8051242828369141 16
1580398550416 0.6842823028564453 17
1580398550468 0.5812076926231384 18
1580398550522 0.6527023315429688 19
1580398550575 0.6240078806877136 20
1580398550628 0.5724493265151978 21
1580398550680 0.6303659677505493 22
1580398550733 0.5396989583969116 23
1580398550787 0.45721831917762756 24
1580398550840 0.2956213355064392 25
1580398550891 0.35368087887763977 26
1580398550943 0.3601738214492798 27
1580398550994 0.35672062635421753 28
1580398551046 1.2648385763168335 29
