1580398631787 0.07692308 0
1580398631836 0.30769232 1
1580398631892 0.30769232 2
1580398631974 0.3846154 3
1580398632052 0.53846157 4
1580398632131 0.30769232 5
1580398632211 0.46153846 6
1580398632290 0.30769232 7
1580398632370 0.46153846 8
1580398632450 0.53846157 9
1580398632529 0.53846157 10
1580398632609 0.46153846 11
1580398632689 0.61538464 12
1580398632768 0.84615386 13
1580398632848 0.9230769 14
1580398632928 0.46153846 15
1580398633009 0.46153846 16
1580398633095 0.7692308 17
1580398633175 0.84615386 18
1580398633255 0.61538464 19
1580398633337 0.7692308 20
1580398633422 0.84615386 21
1580398633504 0.84615386 22
1580398633584 0.7692308 23
1580398633665 0.9230769 24
1580398633746 0.84615386 25
1580398633828 0.84615386 26
1580398633910 0.7692308 27
1580398633991 1.0 28
1580398634073 1.0 29
