1580398631787 1.3863976001739502 0
1580398631836 1.3646966218948364 1
1580398631892 1.3443999290466309 2
1580398631974 1.3289309740066528 3
1580398632052 1.245688557624817 4
1580398632131 1.2977516651153564 5
1580398632211 1.1766940355300903 6
1580398632290 1.267059564590454 7
1580398632370 1.1787632703781128 8
1580398632450 1.128650188446045 9
1580398632529 1.041367769241333 10
1580398632609 0.9155452251434326 11
1580398632689 0.7576440572738647 12
1580398632768 0.6792163252830505 13
1580398632848 0.6154705286026001 14
1580398632928 0.8682385683059692 15
1580398633009 1.1837618350982666 16
1580398633095 0.7123876810073853 17
1580398633175 0.6546925902366638 18
1580398633255 0.7736587524414062 19
1580398633337 0.6840203404426575 20
1580398633422 0.5457257628440857 21
1580398633504 0.5534940958023071 22
1580398633584 0.6720307469367981 23
1580398633665 0.3555188477039337 24
1580398633746 0.45517775416374207 25
1580398633828 0.42332935333251953 26
1580398633910 0.4588715434074402 27
1580398633991 0.11871561408042908 28
1580398634073 0.2218572050333023 29
