1580457047418 0.3846154 0
1580457047476 0.30769232 1
1580457047576 0.3846154 2
1580457047671 0.53846157 3
1580457047765 0.23076923 4
1580457047859 0.30769232 5
1580457047954 0.53846157 6
1580457048049 0.53846157 7
1580457048143 0.3846154 8
1580457048238 0.7692308 9
1580457048333 0.46153846 10
1580457048428 0.61538464 11
1580457048522 0.7692308 12
1580457048585 0.53846157 13
1580457048686 0.7692308 14
1580457048781 0.7692308 15
1580457048876 0.53846157 16
1580457048971 0.7692308 17
1580457049066 0.6923077 18
1580457049162 0.6923077 19
1580457049257 0.7692308 20
1580457049353 0.6923077 21
1580457049449 0.61538464 22
1580457049545 0.6923077 23
1580457049641 0.7692308 24
1580457049737 0.6923077 25
1580457049833 0.84615386 26
1580457049930 0.7692308 27
1580457050025 0.84615386 28
1580457050121 0.84615386 29
