1580457047418 1.338612675666809 0
1580457047476 1.3385065793991089 1
1580457047576 1.3608397245407104 2
1580457047671 1.2216993570327759 3
1580457047765 1.3850880861282349 4
1580457047859 1.3163378238677979 5
1580457047954 1.328599214553833 6
1580457048049 1.1678873300552368 7
1580457048143 1.2842458486557007 8
1580457048238 1.0597000122070312 9
1580457048333 1.2806669473648071 10
1580457048428 1.0542277097702026 11
1580457048522 0.9971800446510315 12
1580457048585 1.109726071357727 13
1580457048686 0.9463292360305786 14
1580457048781 0.855538010597229 15
1580457048876 1.0365681648254395 16
1580457048971 0.9822286367416382 17
1580457049066 0.8504896759986877 18
1580457049162 0.6919307708740234 19
1580457049257 0.6328659653663635 20
1580457049353 0.8584629893302917 21
1580457049449 0.8368356227874756 22
1580457049545 0.7399336695671082 23
1580457049641 0.5705782175064087 24
1580457049737 0.7565295100212097 25
1580457049833 0.6847134828567505 26
1580457049930 0.507818341255188 27
1580457050025 0.6126044392585754 28
1580457050121 0.5329692363739014 29
