1580398933386 0.3846154 0
1580398933440 0.23076923 1
1580398933501 0.46153846 2
1580398933562 0.15384616 3
1580398933621 0.23076923 4
1580398933680 0.61538464 5
1580398933738 0.6923077 6
1580398933797 0.6923077 7
1580398933856 0.6923077 8
1580398933915 0.61538464 9
1580398933974 0.84615386 10
1580398934034 0.6923077 11
1580398934093 0.6923077 12
1580398934153 0.6923077 13
1580398934214 0.84615386 14
1580398934311 0.84615386 15
1580398934402 0.6923077 16
1580398934494 0.6923077 17
1580398934585 0.6923077 18
1580398934676 0.6923077 19
1580398934768 0.9230769 20
1580398934860 0.84615386 21
1580398934951 0.53846157 22
1580398935043 0.6923077 23
1580398935135 0.7692308 24
1580398935227 0.7692308 25
1580398935319 0.7692308 26
1580398935410 0.61538464 27
1580398935503 0.84615386 28
1580398935596 0.7692308 29
