1580398933386 1.3800671100616455 0
1580398933440 7.6590375900268555 1
1580398933501 2.674546480178833 2
1580398933562 9.152063369750977 3
1580398933621 5.1682329177856445 4
1580398933680 1.0488922595977783 5
1580398933738 1.0074197053909302 6
1580398933797 0.5883639454841614 7
1580398933856 0.7597675323486328 8
1580398933915 0.7141059041023254 9
1580398933974 0.5407928228378296 10
1580398934034 0.6161550283432007 11
1580398934093 0.7797621488571167 12
1580398934153 0.8650792241096497 13
1580398934214 0.5891925692558289 14
1580398934311 0.5349375009536743 15
1580398934402 0.7186402678489685 16
1580398934494 0.550248384475708 17
1580398934585 0.7026609182357788 18
1580398934676 0.7219182252883911 19
1580398934768 0.35066965222358704 20
1580398934860 0.3653563857078552 21
1580398934951 0.6841758489608765 22
1580398935043 0.7284041047096252 23
1580398935135 0.5364352464675903 24
1580398935227 0.5474523305892944 25
1580398935319 0.49731016159057617 26
1580398935410 0.8702287673950195 27
1580398935503 0.4125133752822876 28
1580398935596 0.5832443237304688 29
