1580456988030 0.15384616 0
1580456988086 0.15384616 1
1580456988149 0.30769232 2
1580456988212 0.30769232 3
1580456988276 0.3846154 4
1580456988339 0.30769232 5
1580456988402 0.3846154 6
1580456988465 0.30769232 7
1580456988529 0.46153846 8
1580456988592 0.3846154 9
1580456988656 0.46153846 10
1580456988720 0.3846154 11
1580456988781 0.46153846 12
1580456988843 0.46153846 13
1580456988906 0.61538464 14
1580456988969 0.3846154 15
1580456989069 0.53846157 16
1580456989163 0.6923077 17
1580456989257 0.61538464 18
1580456989353 0.7692308 19
1580456989452 0.61538464 20
1580456989546 0.46153846 21
1580456989640 0.6923077 22
1580456989734 0.53846157 23
1580456989819 0.6923077 24
1580456989884 0.53846157 25
1580456989949 0.46153846 26
1580456990013 0.9230769 27
1580456990077 0.6923077 28
1580456990143 0.61538464 29
