1580456988030 1.4044342041015625 0
1580456988086 1.4022128582000732 1
1580456988149 1.3907582759857178 2
1580456988212 1.3554867506027222 3
1580456988276 1.340212345123291 4
1580456988339 1.321628451347351 5
1580456988402 1.311493158340454 6
1580456988465 1.3333663940429688 7
1580456988529 1.2982767820358276 8
1580456988592 1.3039113283157349 9
1580456988656 1.2359659671783447 10
1580456988720 1.3296844959259033 11
1580456988781 1.1495463848114014 12
1580456988843 1.199188232421875 13
1580456988906 1.1247243881225586 14
1580456988969 1.2919700145721436 15
1580456989069 1.1085127592086792 16
1580456989163 1.0269883871078491 17
1580456989257 1.1055840253829956 18
1580456989353 0.9239518046379089 19
1580456989452 1.0665552616119385 20
1580456989546 1.0679783821105957 21
1580456989640 1.0060957670211792 22
1580456989734 0.8894157409667969 23
1580456989819 0.8194494247436523 24
1580456989884 0.8794561624526978 25
1580456989949 0.9503050446510315 26
1580456990013 0.7541913986206055 27
1580456990077 0.6954596042633057 28
1580456990143 0.7204849720001221 29
