1580398823517 0.30769232 0
1580398823569 0.3846154 1
1580398823626 0.3846154 2
1580398823682 0.30769232 3
1580398823738 0.30769232 4
1580398823796 0.46153846 5
1580398823852 0.30769232 6
1580398823909 0.3846154 7
1580398823966 0.3846154 8
1580398824023 0.3846154 9
1580398824081 0.3846154 10
1580398824139 0.30769232 11
1580398824200 0.46153846 12
1580398824259 0.61538464 13
1580398824316 0.46153846 14
1580398824374 0.6923077 15
1580398824433 0.53846157 16
1580398824492 0.7692308 17
1580398824552 0.46153846 18
1580398824609 0.6923077 19
1580398824668 0.84615386 20
1580398824728 0.84615386 21
1580398824787 0.61538464 22
1580398824845 0.84615386 23
1580398824903 0.6923077 24
1580398824960 0.61538464 25
1580398825019 0.7692308 26
1580398825078 0.7692308 27
1580398825138 0.7692308 28
1580398825230 0.84615386 29
