1580398823517 1.4061990976333618 0
1580398823569 1.370552659034729 1
1580398823626 1.3602254390716553 2
1580398823682 1.3428059816360474 3
1580398823738 1.344175934791565 4
1580398823796 1.3121155500411987 5
1580398823852 1.3364161252975464 6
1580398823909 1.3434573411941528 7
1580398823966 1.346893072128296 8
1580398824023 1.2710964679718018 9
1580398824081 1.2142835855484009 10
1580398824139 1.2026607990264893 11
1580398824200 1.1087292432785034 12
1580398824259 1.1166770458221436 13
1580398824316 1.0871453285217285 14
1580398824374 0.9275999665260315 15
1580398824433 1.0215840339660645 16
1580398824492 0.9180198311805725 17
1580398824552 1.1503030061721802 18
1580398824609 0.8939850330352783 19
1580398824668 0.7808084487915039 20
1580398824728 0.6892112493515015 21
1580398824787 0.760786771774292 22
1580398824845 0.7456145882606506 23
1580398824903 0.713323175907135 24
1580398824960 0.8248478770256042 25
1580398825019 0.9255030751228333 26
1580398825078 0.49988287687301636 27
1580398825138 0.4269157648086548 28
1580398825230 0.5318089127540588 29
