1580394130156 0.23076923 0
1580394130201 0.3846154 1
1580394130249 0.23076923 2
1580394130298 0.3846154 3
1580394130346 0.3846154 4
1580394130394 0.3846154 5
1580394130447 0.46153846 6
1580394130501 0.3846154 7
1580394130578 0.3846154 8
1580394130654 0.3846154 9
1580394130725 0.61538464 10
1580394130795 0.61538464 11
1580394130866 0.46153846 12
1580394130937 0.61538464 13
1580394131007 0.61538464 14
1580394131079 0.6923077 15
1580394131150 0.7692308 16
1580394131221 0.61538464 17
1580394131293 0.7692308 18
1580394131364 0.7692308 19
1580394131436 0.6923077 20
1580394131507 0.6923077 21
1580394131579 0.61538464 22
1580394131650 0.6923077 23
1580394131722 0.84615386 24
1580394131794 0.84615386 25
1580394131866 0.84615386 26
1580394131938 0.6923077 27
1580394132010 0.7692308 28
1580394132082 0.84615386 29
