1580394130156 1.4127278327941895 0
1580394130201 1.3852441310882568 1
1580394130249 1.389383316040039 2
1580394130298 1.3964807987213135 3
1580394130346 1.335315227508545 4
1580394130394 1.3145943880081177 5
1580394130447 1.2890474796295166 6
1580394130501 1.3099591732025146 7
1580394130578 1.294562816619873 8
1580394130654 1.2681128978729248 9
1580394130725 1.2265349626541138 10
1580394130795 1.2368398904800415 11
1580394130866 1.2344673871994019 12
1580394130937 1.1886591911315918 13
1580394131007 1.1937839984893799 14
1580394131079 1.1218130588531494 15
1580394131150 1.0920060873031616 16
1580394131221 1.0819032192230225 17
1580394131293 1.0708197355270386 18
1580394131364 0.9828402400016785 19
1580394131436 0.9907262325286865 20
1580394131507 0.9944232106208801 21
1580394131579 1.033151388168335 22
1580394131650 0.9672105312347412 23
1580394131722 0.8958973288536072 24
1580394131794 0.8694323301315308 25
1580394131866 0.8975067138671875 26
1580394131938 0.8757476806640625 27
1580394132010 0.8085607290267944 28
1580394132082 0.789568305015564 29
