1580456908676 0.46153846 0
1580456908731 0.46153846 1
1580456908792 0.15384616 2
1580456908853 0.30769232 3
1580456908913 0.30769232 4
1580456908974 0.23076923 5
1580456909035 0.46153846 6
1580456909097 0.30769232 7
1580456909157 0.46153846 8
1580456909219 0.61538464 9
1580456909281 0.61538464 10
1580456909343 0.23076923 11
1580456909405 0.3846154 12
1580456909467 0.46153846 13
1580456909529 0.46153846 14
1580456909590 0.53846157 15
1580456909652 0.3846154 16
1580456909714 0.3846154 17
1580456909776 0.84615386 18
1580456909836 0.46153846 19
1580456909897 0.6923077 20
1580456909959 0.7692308 21
1580456910022 0.84615386 22
1580456910082 0.6923077 23
1580456910143 0.61538464 24
1580456910206 0.6923077 25
1580456910269 0.6923077 26
1580456910334 0.7692308 27
1580456910431 0.46153846 28
1580456910523 1.0 29
