1580456908676 1.3890080451965332 0
1580456908731 1.4024752378463745 1
1580456908792 1.4121474027633667 2
1580456908853 1.361479640007019 3
1580456908913 1.3599249124526978 4
1580456908974 1.3709585666656494 5
1580456909035 1.3059717416763306 6
1580456909097 1.3119544982910156 7
1580456909157 1.2590508460998535 8
1580456909219 1.2651208639144897 9
1580456909281 1.1861193180084229 10
1580456909343 1.3597992658615112 11
1580456909405 1.3485075235366821 12
1580456909467 1.2022085189819336 13
1580456909529 1.219045877456665 14
1580456909590 1.2233110666275024 15
1580456909652 1.2963521480560303 16
1580456909714 1.22732675075531 17
1580456909776 1.1143358945846558 18
1580456909836 1.1863974332809448 19
1580456909897 1.0910531282424927 20
1580456909959 1.0380809307098389 21
1580456910022 0.9312390685081482 22
1580456910082 1.1010290384292603 23
1580456910143 0.9120226502418518 24
1580456910206 1.0457727909088135 25
1580456910269 0.9402898550033569 26
1580456910334 0.8925379514694214 27
1580456910431 1.0489239692687988 28
1580456910523 0.7551877498626709 29
