1580398852847 0.15384616 0
1580398852900 0.3846154 1
1580398852957 0.15384616 2
1580398853015 0.46153846 3
1580398853073 0.3846154 4
1580398853130 0.15384616 5
1580398853187 0.30769232 6
1580398853245 0.3846154 7
1580398853302 0.53846157 8
1580398853360 0.53846157 9
1580398853417 0.6923077 10
1580398853475 0.3846154 11
1580398853532 0.61538464 12
1580398853590 0.61538464 13
1580398853647 0.6923077 14
1580398853705 0.61538464 15
1580398853764 0.6923077 16
1580398853822 0.6923077 17
1580398853880 0.46153846 18
1580398853938 0.6923077 19
1580398853996 0.84615386 20
1580398854054 0.7692308 21
1580398854113 0.61538464 22
1580398854171 0.6923077 23
1580398854228 0.7692308 24
1580398854287 0.61538464 25
1580398854345 0.84615386 26
1580398854404 0.7692308 27
1580398854462 0.84615386 28
1580398854521 0.6923077 29
