1580398852847 1.395721197128296 0
1580398852900 1.3408764600753784 1
1580398852957 1.4107390642166138 2
1580398853015 1.3545018434524536 3
1580398853073 1.3230831623077393 4
1580398853130 1.3477554321289062 5
1580398853187 1.2875657081604004 6
1580398853245 1.243665099143982 7
1580398853302 1.230755090713501 8
1580398853360 1.185251235961914 9
1580398853417 1.074189305305481 10
1580398853475 1.3392174243927002 11
1580398853532 1.083431363105774 12
1580398853590 1.0363047122955322 13
1580398853647 1.0268328189849854 14
1580398853705 0.9210315346717834 15
1580398853764 0.8532928824424744 16
1580398853822 0.9591401219367981 17
1580398853880 0.7915171384811401 18
1580398853938 0.9988341927528381 19
1580398853996 0.6531963348388672 20
1580398854054 0.5730752348899841 21
1580398854113 0.9623491764068604 22
1580398854171 0.6652413010597229 23
1580398854228 0.6103459000587463 24
1580398854287 0.7785861492156982 25
1580398854345 0.512091338634491 26
1580398854404 0.5239645838737488 27
1580398854462 0.3826623260974884 28
1580398854521 0.6078106760978699 29
