1580398808218 0.07692308 0
1580398808272 0.30769232 1
1580398808329 0.23076923 2
1580398808387 0.30769232 3
1580398808443 0.3846154 4
1580398808502 0.23076923 5
1580398808561 0.30769232 6
1580398808617 0.46153846 7
1580398808676 0.46153846 8
1580398808735 0.30769232 9
1580398808793 0.46153846 10
1580398808853 0.3846154 11
1580398808911 0.61538464 12
1580398808969 0.53846157 13
1580398809026 0.53846157 14
1580398809083 0.46153846 15
1580398809140 0.46153846 16
1580398809197 0.46153846 17
1580398809254 0.53846157 18
1580398809311 0.30769232 19
1580398809368 0.46153846 20
1580398809427 0.3846154 21
1580398809485 0.46153846 22
1580398809542 0.53846157 23
1580398809599 0.53846157 24
1580398809658 0.53846157 25
1580398809720 0.46153846 26
1580398809778 0.53846157 27
1580398809836 0.53846157 28
1580398809895 0.53846157 29
