1580398808218 1.4084752798080444 0
1580398808272 41.72907257080078 1
1580398808329 50.554443359375 2
1580398808387 25.773725509643555 3
1580398808443 1.6037873029708862 4
1580398808502 3.4777424335479736 5
1580398808561 1.3922702074050903 6
1580398808617 1.0334841012954712 7
1580398808676 1.0882411003112793 8
1580398808735 1.0379962921142578 9
1580398808793 1.3219953775405884 10
1580398808853 1.2462422847747803 11
1580398808911 0.9643234014511108 12
1580398808969 1.0483086109161377 13
1580398809026 1.070468544960022 14
1580398809083 1.1987465620040894 15
1580398809140 1.0298211574554443 16
1580398809197 1.0921435356140137 17
1580398809254 0.8521801829338074 18
1580398809311 1.389975666999817 19
1580398809368 1.0217969417572021 20
1580398809427 1.1014574766159058 21
1580398809485 1.0239911079406738 22
1580398809542 0.8582723140716553 23
1580398809599 0.8246480226516724 24
1580398809658 0.8112010955810547 25
1580398809720 0.9168940186500549 26
1580398809778 0.8067281246185303 27
1580398809836 0.7979360818862915 28
1580398809895 0.8009662628173828 29
