1580457085636 0.30769232 0
1580457085696 0.23076923 1
1580457085761 0.15384616 2
1580457085827 0.30769232 3
1580457085892 0.53846157 4
1580457085958 0.46153846 5
1580457086023 0.61538464 6
1580457086088 0.53846157 7
1580457086153 0.3846154 8
1580457086218 0.46153846 9
1580457086284 0.46153846 10
1580457086349 0.3846154 11
1580457086416 0.6923077 12
1580457086483 0.7692308 13
1580457086549 0.53846157 14
1580457086616 0.6923077 15
1580457086683 0.61538464 16
1580457086748 0.61538464 17
1580457086814 0.6923077 18
1580457086881 0.7692308 19
1580457086947 0.6923077 20
1580457087013 0.6923077 21
1580457087079 0.9230769 22
1580457087146 0.61538464 23
1580457087213 0.6923077 24
1580457087280 0.6923077 25
1580457087347 0.6923077 26
1580457087414 0.53846157 27
1580457087481 0.84615386 28
1580457087546 0.84615386 29
