1580457085636 1.40738046169281 0
1580457085696 1.376366376876831 1
1580457085761 1.3989404439926147 2
1580457085827 1.3438090085983276 3
1580457085892 1.278534173965454 4
1580457085958 1.2489005327224731 5
1580457086023 1.2669569253921509 6
1580457086088 1.254454493522644 7
1580457086153 1.2054859399795532 8
1580457086218 1.256771206855774 9
1580457086284 1.1010782718658447 10
1580457086349 1.2311724424362183 11
1580457086416 0.9254847168922424 12
1580457086483 1.0198787450790405 13
1580457086549 0.9299536347389221 14
1580457086616 0.7858197093009949 15
1580457086683 0.864033043384552 16
1580457086748 1.0036460161209106 17
1580457086814 0.7702710032463074 18
1580457086881 0.6141732931137085 19
1580457086947 0.7529407143592834 20
1580457087013 0.7383438944816589 21
1580457087079 0.6212077736854553 22
1580457087146 0.7895776033401489 23
1580457087213 0.6709296703338623 24
1580457087280 0.5464527606964111 25
1580457087347 0.6455889344215393 26
1580457087414 0.8053719997406006 27
1580457087481 0.454396516084671 28
1580457087546 0.6238419413566589 29
