1580398803202 0.07692308 0
1580398803258 0.3846154 1
1580398803315 0.53846157 2
1580398803372 0.30769232 3
1580398803428 0.30769232 4
1580398803485 0.46153846 5
1580398803541 0.30769232 6
1580398803597 0.46153846 7
1580398803655 0.53846157 8
1580398803711 0.3846154 9
1580398803769 0.53846157 10
1580398803829 0.46153846 11
1580398803890 0.6923077 12
1580398803982 0.6923077 13
1580398804068 0.6923077 14
1580398804156 0.7692308 15
1580398804243 0.61538464 16
1580398804330 0.6923077 17
1580398804417 0.61538464 18
1580398804505 0.7692308 19
1580398804593 0.6923077 20
1580398804680 0.53846157 21
1580398804771 0.7692308 22
1580398804859 1.0 23
1580398804946 0.61538464 24
1580398805034 0.6923077 25
1580398805122 0.9230769 26
1580398805209 0.7692308 27
1580398805297 0.46153846 28
1580398805384 0.7692308 29
