1580398803202 1.4457244873046875 0
1580398803258 1.3305186033248901 1
1580398803315 1.3069140911102295 2
1580398803372 1.3504981994628906 3
1580398803428 1.4115163087844849 4
1580398803485 1.2450975179672241 5
1580398803541 1.3194236755371094 6
1580398803597 1.2180185317993164 7
1580398803655 1.1316157579421997 8
1580398803711 1.2304425239562988 9
1580398803769 1.1840685606002808 10
1580398803829 1.1333664655685425 11
1580398803890 1.0233120918273926 12
1580398803982 0.9839072823524475 13
1580398804068 0.9457781910896301 14
1580398804156 0.8799793720245361 15
1580398804243 0.8876791596412659 16
1580398804330 0.8961894512176514 17
1580398804417 0.8828273415565491 18
1580398804505 0.6930955648422241 19
1580398804593 0.7078047394752502 20
1580398804680 0.7770548462867737 21
1580398804771 0.6863123178482056 22
1580398804859 0.4043717086315155 23
1580398804946 0.6733808517456055 24
1580398805034 0.6525669693946838 25
1580398805122 0.38441625237464905 26
1580398805209 0.6153169870376587 27
1580398805297 0.7141417264938354 28
1580398805384 0.5955810546875 29
