1580398624782 0.30769232 0
1580398624829 0.23076923 1
1580398624882 0.15384616 2
1580398624935 0.30769232 3
1580398624989 0.3846154 4
1580398625041 0.46153846 5
1580398625094 0.46153846 6
1580398625147 0.46153846 7
1580398625199 0.30769232 8
1580398625251 0.3846154 9
1580398625305 0.3846154 10
1580398625358 0.7692308 11
1580398625411 0.7692308 12
1580398625464 0.46153846 13
1580398625516 0.53846157 14
1580398625569 0.53846157 15
1580398625624 0.6923077 16
1580398625678 0.84615386 17
1580398625731 0.61538464 18
1580398625784 0.6923077 19
1580398625837 0.6923077 20
1580398625892 0.9230769 21
1580398625946 0.6923077 22
1580398626000 0.6923077 23
1580398626054 0.7692308 24
1580398626107 0.61538464 25
1580398626161 0.61538464 26
1580398626215 0.6923077 27
1580398626269 0.6923077 28
1580398626323 0.7692308 29
