1580398624782 1.3506611585617065 0
1580398624829 1.3304163217544556 1
1580398624882 1.4121348857879639 2
1580398624935 1.491507887840271 3
1580398624989 1.3293068408966064 4
1580398625041 1.2658356428146362 5
1580398625094 1.1962196826934814 6
1580398625147 1.1699330806732178 7
1580398625199 1.2555692195892334 8
1580398625251 1.1024543046951294 9
1580398625305 1.135426640510559 10
1580398625358 0.9825478196144104 11
1580398625411 0.8024359345436096 12
1580398625464 1.0502049922943115 13
1580398625516 0.8243143558502197 14
1580398625569 0.8549206256866455 15
1580398625624 0.9235938191413879 16
1580398625678 0.5874990820884705 17
1580398625731 0.678905189037323 18
1580398625784 0.7121630907058716 19
1580398625837 0.7282321453094482 20
1580398625892 0.4652164876461029 21
1580398625946 0.5796903967857361 22
1580398626000 0.6112290620803833 23
1580398626054 0.7296518087387085 24
1580398626107 0.8153201341629028 25
1580398626161 0.8802313208580017 26
1580398626215 0.7825165390968323 27
1580398626269 0.5526161193847656 28
1580398626323 0.5777419805526733 29
