1580398524447 0.30769232 0
1580398524495 0.46153846 1
1580398524548 0.30769232 2
1580398524600 0.3846154 3
1580398524652 0.61538464 4
1580398524703 0.61538464 5
1580398524754 0.3846154 6
1580398524804 0.53846157 7
1580398524854 0.53846157 8
1580398524904 0.30769232 9
1580398524954 0.46153846 10
1580398525005 0.30769232 11
1580398525056 0.53846157 12
1580398525106 0.84615386 13
1580398525157 0.7692308 14
1580398525208 0.53846157 15
1580398525260 0.53846157 16
1580398525311 0.6923077 17
1580398525361 0.53846157 18
1580398525412 0.61538464 19
1580398525464 0.7692308 20
1580398525517 0.7692308 21
1580398525569 0.9230769 22
1580398525622 0.7692308 23
1580398525674 0.7692308 24
1580398525726 0.84615386 25
1580398525778 0.7692308 26
1580398525831 0.6923077 27
1580398525883 0.6923077 28
1580398525934 0.84615386 29
