1580398524447 1.3938432931900024 0
1580398524495 1.3604398965835571 1
1580398524548 1.3257677555084229 2
1580398524600 1.2834135293960571 3
1580398524652 1.2123854160308838 4
1580398524703 1.2867953777313232 5
1580398524754 1.3078501224517822 6
1580398524804 1.107297420501709 7
1580398524854 1.1620213985443115 8
1580398524904 1.379123568534851 9
1580398524954 0.9825057983398438 10
1580398525005 1.1440016031265259 11
1580398525056 1.0064449310302734 12
1580398525106 0.9678305983543396 13
1580398525157 0.8664839863777161 14
1580398525208 0.878950834274292 15
1580398525260 0.8496454954147339 16
1580398525311 0.7062791585922241 17
1580398525361 0.6399327516555786 18
1580398525412 0.8421250581741333 19
1580398525464 0.6110832691192627 20
1580398525517 0.8383467793464661 21
1580398525569 0.5578782558441162 22
1580398525622 0.6180325150489807 23
1580398525674 0.650398850440979 24
1580398525726 0.6538005471229553 25
1580398525778 0.3697691559791565 26
1580398525831 0.5838251709938049 27
1580398525883 0.7221375703811646 28
1580398525934 0.3850511312484741 29
