1580457139502 0.3846154 0
1580457139562 0.46153846 1
1580457139628 0.3846154 2
1580457139694 0.3846154 3
1580457139761 0.3846154 4
1580457139827 0.23076923 5
1580457139892 0.23076923 6
1580457139958 0.30769232 7
1580457140024 0.61538464 8
1580457140087 0.3846154 9
1580457140153 0.53846157 10
1580457140219 0.61538464 11
1580457140283 0.7692308 12
1580457140347 0.6923077 13
1580457140410 0.46153846 14
1580457140474 0.3846154 15
1580457140540 0.53846157 16
1580457140604 0.6923077 17
1580457140668 0.61538464 18
1580457140732 0.7692308 19
1580457140797 0.84615386 20
1580457140862 0.7692308 21
1580457140929 0.61538464 22
1580457140995 0.84615386 23
1580457141061 0.7692308 24
1580457141126 0.9230769 25
1580457141192 0.53846157 26
1580457141259 0.84615386 27
1580457141326 0.84615386 28
1580457141393 0.9230769 29
