1580457139502 1.3715994358062744 0
1580457139562 1.345780849456787 1
1580457139628 1.3168423175811768 2
1580457139694 1.4069592952728271 3
1580457139761 1.2914385795593262 4
1580457139827 1.3900343179702759 5
1580457139892 1.5704309940338135 6
1580457139958 1.2884782552719116 7
1580457140024 1.1185119152069092 8
1580457140087 1.2487010955810547 9
1580457140153 1.0304336547851562 10
1580457140219 1.057713270187378 11
1580457140283 0.9109002351760864 12
1580457140347 0.8325402140617371 13
1580457140410 1.0249388217926025 14
1580457140474 1.0787436962127686 15
1580457140540 0.8723868131637573 16
1580457140604 0.7913021445274353 17
1580457140668 0.8198148012161255 18
1580457140732 0.6716635227203369 19
1580457140797 0.526630163192749 20
1580457140862 0.521681547164917 21
1580457140929 0.5692281723022461 22
1580457140995 0.46146413683891296 23
1580457141061 0.737205445766449 24
1580457141126 0.38427498936653137 25
1580457141192 0.9991841912269592 26
1580457141259 0.46247005462646484 27
1580457141326 0.4049633741378784 28
1580457141393 0.44052791595458984 29
