1580398692249 0.15384616 0
1580398692298 0.23076923 1
1580398692353 0.30769232 2
1580398692408 0.30769232 3
1580398692462 0.30769232 4
1580398692516 0.3846154 5
1580398692571 0.3846154 6
1580398692626 0.46153846 7
1580398692680 0.61538464 8
1580398692735 0.7692308 9
1580398692792 0.53846157 10
1580398692847 0.46153846 11
1580398692901 0.61538464 12
1580398692956 0.61538464 13
1580398693012 0.53846157 14
1580398693067 0.61538464 15
1580398693122 1.0 16
1580398693177 0.6923077 17
1580398693232 0.7692308 18
1580398693288 0.6923077 19
1580398693344 0.6923077 20
1580398693399 0.6923077 21
1580398693461 0.6923077 22
1580398693522 0.6923077 23
1580398693579 0.61538464 24
1580398693637 0.7692308 25
1580398693694 0.9230769 26
1580398693751 0.7692308 27
1580398693809 0.9230769 28
1580398693866 0.84615386 29
