1580398692249 1.393775224685669 0
1580398692298 1.4002587795257568 1
1580398692353 1.3741868734359741 2
1580398692408 1.31839919090271 3
1580398692462 1.3365815877914429 4
1580398692516 1.289176106452942 5
1580398692571 1.3328094482421875 6
1580398692626 1.2401982545852661 7
1580398692680 1.0961683988571167 8
1580398692735 1.0090199708938599 9
1580398692792 1.0521706342697144 10
1580398692847 0.982049822807312 11
1580398692901 0.9559530019760132 12
1580398692956 1.0667355060577393 13
1580398693012 0.9056500792503357 14
1580398693067 0.8654569983482361 15
1580398693122 0.7298034429550171 16
1580398693177 0.6679271459579468 17
1580398693232 0.6207284331321716 18
1580398693288 0.6225157380104065 19
1580398693344 0.620730996131897 20
1580398693399 0.6655043363571167 21
1580398693461 0.6537802219390869 22
1580398693522 0.47522667050361633 23
1580398693579 0.7008600234985352 24
1580398693637 0.6710072159767151 25
1580398693694 0.519763708114624 26
1580398693751 0.402727872133255 27
1580398693809 0.3007453382015228 28
1580398693866 0.32250845432281494 29
