1580398547592 0.07692308 0
1580398547637 0.15384616 1
1580398547687 0.30769232 2
1580398547737 0.61538464 3
1580398547787 0.3846154 4
1580398547837 0.30769232 5
1580398547887 0.30769232 6
1580398547937 0.30769232 7
1580398547988 0.46153846 8
1580398548039 0.3846154 9
1580398548089 0.53846157 10
1580398548139 0.46153846 11
1580398548190 0.46153846 12
1580398548240 0.3846154 13
1580398548290 0.61538464 14
1580398548340 0.61538464 15
1580398548391 0.53846157 16
1580398548442 0.46153846 17
1580398548492 0.46153846 18
1580398548542 0.61538464 19
1580398548593 0.61538464 20
1580398548645 0.84615386 21
1580398548696 0.6923077 22
1580398548749 0.7692308 23
1580398548801 0.53846157 24
1580398548854 0.53846157 25
1580398548905 0.9230769 26
1580398548956 0.9230769 27
1580398549008 0.6923077 28
1580398549059 0.9230769 29
