1580398547592 1.4077086448669434 0
1580398547637 1.407570481300354 1
1580398547687 1.3755207061767578 2
1580398547737 1.3270726203918457 3
1580398547787 1.3256944417953491 4
1580398547837 1.4076635837554932 5
1580398547887 1.2858452796936035 6
1580398547937 1.2829545736312866 7
1580398547988 1.2910380363464355 8
1580398548039 1.3177616596221924 9
1580398548089 1.247428297996521 10
1580398548139 1.2195758819580078 11
1580398548190 1.1832802295684814 12
1580398548240 1.228977084159851 13
1580398548290 1.1476788520812988 14
1580398548340 1.1594233512878418 15
1580398548391 1.1741697788238525 16
1580398548442 1.2540034055709839 17
1580398548492 1.0261212587356567 18
1580398548542 0.9859781861305237 19
1580398548593 1.0188707113265991 20
1580398548645 0.8416215181350708 21
1580398548696 0.8641574382781982 22
1580398548749 0.6939175128936768 23
1580398548801 0.8586457967758179 24
1580398548854 0.8412144184112549 25
1580398548905 0.6251538991928101 26
1580398548956 0.624398946762085 27
1580398549008 0.5914903283119202 28
1580398549059 0.5675857663154602 29
