1580393971194 0.07692308 0
1580393971238 0.23076923 1
1580393971287 0.15384616 2
1580393971335 0.30769232 3
1580393971384 0.3846154 4
1580393971432 0.3846154 5
1580393971480 0.15384616 6
1580393971528 0.46153846 7
1580393971581 0.30769232 8
1580393971630 0.07692308 9
1580393971679 0.3846154 10
1580393971728 0.15384616 11
1580393971776 0.3846154 12
1580393971825 0.53846157 13
1580393971874 0.46153846 14
1580393971923 0.46153846 15
1580393971971 0.53846157 16
1580393972020 0.53846157 17
1580393972095 0.30769232 18
1580393972164 0.3846154 19
1580393972234 0.3846154 20
1580393972304 0.30769232 21
1580393972375 0.23076923 22
1580393972445 0.3846154 23
1580393972516 0.53846157 24
1580393972586 0.53846157 25
1580393972657 0.3846154 26
1580393972728 0.3846154 27
1580393972799 0.30769232 28
1580393972871 0.61538464 29
