1580393971194 1.5326253175735474 0
1580393971238 1.3689115047454834 1
1580393971287 1.4490069150924683 2
1580393971335 1.3932607173919678 3
1580393971384 1.3886444568634033 4
1580393971432 1.3905048370361328 5
1580393971480 1.4045106172561646 6
1580393971528 1.4094117879867554 7
1580393971581 1.4040663242340088 8
1580393971630 1.5179704427719116 9
1580393971679 1.3267428874969482 10
1580393971728 1.3802460432052612 11
1580393971776 1.3649107217788696 12
1580393971825 1.357764482498169 13
1580393971874 1.3255481719970703 14
1580393971923 1.3360915184020996 15
1580393971971 1.3118256330490112 16
1580393972020 1.325234055519104 17
1580393972095 1.407352328300476 18
1580393972164 1.2766304016113281 19
1580393972234 1.323040246963501 20
1580393972304 1.4316010475158691 21
1580393972375 1.4048559665679932 22
1580393972445 1.326383352279663 23
1580393972516 1.3036420345306396 24
1580393972586 1.2954201698303223 25
1580393972657 1.3338038921356201 26
1580393972728 1.3550394773483276 27
1580393972799 1.3462517261505127 28
1580393972871 1.2751535177230835 29
