1580398742649 0.07692308 0
1580398742699 0.3846154 1
1580398742756 0.30769232 2
1580398742811 0.23076923 3
1580398742866 0.23076923 4
1580398742923 0.46153846 5
1580398742983 0.3846154 6
1580398743039 0.46153846 7
1580398743094 0.46153846 8
1580398743150 0.23076923 9
1580398743206 0.46153846 10
1580398743261 0.61538464 11
1580398743318 0.7692308 12
1580398743375 0.84615386 13
1580398743434 0.53846157 14
1580398743490 0.7692308 15
1580398743548 0.61538464 16
1580398743604 0.7692308 17
1580398743661 0.7692308 18
1580398743716 0.9230769 19
1580398743773 0.9230769 20
1580398743831 0.9230769 21
1580398743888 0.61538464 22
1580398743946 0.6923077 23
1580398744003 0.61538464 24
1580398744061 0.9230769 25
1580398744120 0.9230769 26
1580398744177 0.9230769 27
1580398744234 0.9230769 28
1580398744292 0.9230769 29
