1580398742649 1.4354561567306519 0
1580398742699 1.380875825881958 1
1580398742756 1.4096391201019287 2
1580398742811 1.3831603527069092 3
1580398742866 1.3301525115966797 4
1580398742923 1.3154956102371216 5
1580398742983 1.3077768087387085 6
1580398743039 1.108750581741333 7
1580398743094 1.121353268623352 8
1580398743150 1.4566311836242676 9
1580398743206 1.0851870775222778 10
1580398743261 1.0658766031265259 11
1580398743318 0.9170550107955933 12
1580398743375 0.8308963775634766 13
1580398743434 0.88214111328125 14
1580398743490 0.6094351410865784 15
1580398743548 0.7619812488555908 16
1580398743604 0.7342581152915955 17
1580398743661 0.501072347164154 18
1580398743716 0.48420143127441406 19
1580398743773 0.5203656554222107 20
1580398743831 0.45405152440071106 21
1580398743888 0.7000773549079895 22
1580398743946 0.5405374765396118 23
1580398744003 0.6766700744628906 24
1580398744061 0.31750398874282837 25
1580398744120 0.25228631496429443 26
1580398744177 0.32321739196777344 27
1580398744234 0.2738211750984192 28
1580398744292 0.3043361306190491 29
