1580398553633 0.23076923 0
1580398553684 0.53846157 1
1580398553737 0.23076923 2
1580398553789 0.30769232 3
1580398553841 0.46153846 4
1580398553893 0.6923077 5
1580398553946 0.3846154 6
1580398553998 0.61538464 7
1580398554051 0.46153846 8
1580398554104 0.30769232 9
1580398554157 0.46153846 10
1580398554208 0.46153846 11
1580398554259 0.53846157 12
1580398554310 0.7692308 13
1580398554361 0.6923077 14
1580398554411 0.61538464 15
1580398554462 0.7692308 16
1580398554513 0.9230769 17
1580398554564 0.84615386 18
1580398554616 0.84615386 19
1580398554667 0.6923077 20
1580398554719 0.6923077 21
1580398554770 0.6923077 22
1580398554821 1.0 23
1580398554873 0.61538464 24
1580398554925 1.0 25
1580398554977 0.7692308 26
1580398555029 0.61538464 27
1580398555081 0.84615386 28
1580398555133 0.7692308 29
