1580398553633 1.3755193948745728 0
1580398553684 1.3363852500915527 1
1580398553737 1.3938542604446411 2
1580398553789 1.3626173734664917 3
1580398553841 1.3591488599777222 4
1580398553893 1.151239037513733 5
1580398553946 1.27701997756958 6
1580398553998 1.1102162599563599 7
1580398554051 1.1530630588531494 8
1580398554104 1.3192297220230103 9
1580398554157 0.9958181977272034 10
1580398554208 1.0097253322601318 11
1580398554259 1.1401915550231934 12
1580398554310 0.8556931018829346 13
1580398554361 0.7856943607330322 14
1580398554411 0.8582923412322998 15
1580398554462 0.7458928227424622 16
1580398554513 0.47387662529945374 17
1580398554564 0.5854459404945374 18
1580398554616 0.6555057168006897 19
1580398554667 0.7447674870491028 20
1580398554719 0.5198541879653931 21
1580398554770 0.8711566925048828 22
1580398554821 0.27522730827331543 23
1580398554873 0.7325671315193176 24
1580398554925 0.3218175768852234 25
1580398554977 0.7122532725334167 26
1580398555029 0.7092640399932861 27
1580398555081 0.3742310106754303 28
1580398555133 0.4934995770454407 29
