1580398843951 0.23076923 0
1580398844003 0.3846154 1
1580398844060 0.53846157 2
1580398844118 0.3846154 3
1580398844174 0.46153846 4
1580398844232 0.3846154 5
1580398844289 0.46153846 6
1580398844347 0.3846154 7
1580398844404 0.3846154 8
1580398844461 0.53846157 9
1580398844519 0.7692308 10
1580398844576 0.53846157 11
1580398844633 0.6923077 12
1580398844692 0.61538464 13
1580398844750 0.84615386 14
1580398844807 0.7692308 15
1580398844865 0.6923077 16
1580398844923 0.84615386 17
1580398844982 0.6923077 18
1580398845040 0.84615386 19
1580398845098 0.53846157 20
1580398845156 0.9230769 21
1580398845215 0.53846157 22
1580398845272 0.84615386 23
1580398845331 1.0 24
1580398845389 0.84615386 25
1580398845448 0.84615386 26
1580398845507 0.6923077 27
1580398845601 0.61538464 28
1580398845692 0.9230769 29
