1580398843951 1.3881624937057495 0
1580398844003 1.2970229387283325 1
1580398844060 1.1994417905807495 2
1580398844118 1.2517107725143433 3
1580398844174 1.4278335571289062 4
1580398844232 1.4599182605743408 5
1580398844289 1.1347075700759888 6
1580398844347 1.257468581199646 7
1580398844404 1.2715967893600464 8
1580398844461 1.0203701257705688 9
1580398844519 0.8815611600875854 10
1580398844576 1.013688564300537 11
1580398844633 0.7073347568511963 12
1580398844692 0.7883662581443787 13
1580398844750 0.49255627393722534 14
1580398844807 0.7676563858985901 15
1580398844865 0.5561733841896057 16
1580398844923 0.5225545167922974 17
1580398844982 0.6166312098503113 18
1580398845040 0.37023574113845825 19
1580398845098 0.9143677949905396 20
1580398845156 0.454990029335022 21
1580398845215 0.8206959366798401 22
1580398845272 0.4810994267463684 23
1580398845331 0.20216113328933716 24
1580398845389 0.4541845917701721 25
1580398845448 0.4208560287952423 26
1580398845507 0.4801845848560333 27
1580398845601 1.0546866655349731 28
1580398845692 0.2517331838607788 29
