1580456924363 0.15384616 0
1580456924418 0.46153846 1
1580456924479 0.3846154 2
1580456924541 0.30769232 3
1580456924602 0.3846154 4
1580456924681 0.61538464 5
1580456924781 0.53846157 6
1580456924874 0.61538464 7
1580456924966 0.46153846 8
1580456925058 0.46153846 9
1580456925150 0.61538464 10
1580456925242 0.46153846 11
1580456925334 0.7692308 12
1580456925426 0.6923077 13
1580456925518 0.9230769 14
1580456925610 0.6923077 15
1580456925702 0.53846157 16
1580456925794 0.7692308 17
1580456925886 0.61538464 18
1580456925979 0.84615386 19
1580456926071 0.61538464 20
1580456926164 0.53846157 21
1580456926255 0.84615386 22
1580456926347 0.6923077 23
1580456926440 0.6923077 24
1580456926531 0.84615386 25
1580456926624 0.61538464 26
1580456926717 0.7692308 27
1580456926810 0.84615386 28
1580456926903 0.7692308 29
