1580456924363 1.4223994016647339 0
1580456924418 1.3486440181732178 1
1580456924479 1.284663438796997 2
1580456924541 1.2869033813476562 3
1580456924602 1.3162943124771118 4
1580456924681 1.233657956123352 5
1580456924781 1.0770361423492432 6
1580456924874 1.056325078010559 7
1580456924966 1.106498122215271 8
1580456925058 1.0098878145217896 9
1580456925150 0.9393445253372192 10
1580456925242 1.0304934978485107 11
1580456925334 0.8559083342552185 12
1580456925426 0.8147828578948975 13
1580456925518 0.48028257489204407 14
1580456925610 0.9572943449020386 15
1580456925702 1.0783605575561523 16
1580456925794 0.6026027202606201 17
1580456925886 0.7995316386222839 18
1580456925979 0.565569281578064 19
1580456926071 0.6653814315795898 20
1580456926164 0.9462709426879883 21
1580456926255 0.5703478455543518 22
1580456926347 0.536920964717865 23
1580456926440 0.6022525429725647 24
1580456926531 0.4928792417049408 25
1580456926624 0.6403465270996094 26
1580456926717 0.49103063344955444 27
1580456926810 0.3191336393356323 28
1580456926903 0.5952807664871216 29
