1580398482879 0.46153846 0
1580398482922 0.46153846 1
1580398482971 0.3846154 2
1580398483020 0.15384616 3
1580398483070 0.3846154 4
1580398483120 0.61538464 5
1580398483169 0.46153846 6
1580398483218 0.61538464 7
1580398483269 0.30769232 8
1580398483319 0.46153846 9
1580398483368 0.6923077 10
1580398483419 0.53846157 11
1580398483468 0.53846157 12
1580398483517 0.46153846 13
1580398483569 0.6923077 14
1580398483619 0.7692308 15
1580398483668 0.7692308 16
1580398483719 0.7692308 17
1580398483770 0.6923077 18
1580398483819 0.61538464 19
1580398483870 0.6923077 20
1580398483922 0.3846154 21
1580398483972 0.53846157 22
1580398484021 0.7692308 23
1580398484073 0.7692308 24
1580398484124 0.53846157 25
1580398484173 0.7692308 26
1580398484224 0.84615386 27
1580398484274 0.61538464 28
1580398484325 0.7692308 29
