1580398482879 1.3890080451965332 0
1580398482922 129.01214599609375 1
1580398482971 252.71632385253906 2
1580398483020 229.20742797851562 3
1580398483070 87.66394805908203 4
1580398483120 25.936038970947266 5
1580398483169 14.671934127807617 6
1580398483218 5.240755081176758 7
1580398483269 18.970243453979492 8
1580398483319 9.21776008605957 9
1580398483368 2.638364553451538 10
1580398483419 1.0352809429168701 11
1580398483468 2.0927929878234863 12
1580398483517 1.0093367099761963 13
1580398483569 0.6177801489830017 14
1580398483619 0.6079578995704651 15
1580398483668 0.5686030983924866 16
1580398483719 0.5899299383163452 17
1580398483770 0.5962017774581909 18
1580398483819 0.7470892667770386 19
1580398483870 1.2208634614944458 20
1580398483922 1.1670602560043335 21
1580398483972 0.8813837766647339 22
1580398484021 0.5209349393844604 23
1580398484073 0.5556678175926208 24
1580398484124 1.0228289365768433 25
1580398484173 0.5242140889167786 26
1580398484224 0.5655116438865662 27
1580398484274 0.9840830564498901 28
1580398484325 0.61932373046875 29
