1580398671681 0.23076923 0
1580398671732 0.3846154 1
1580398671787 0.3846154 2
1580398671843 0.3846154 3
1580398671898 0.23076923 4
1580398671954 0.23076923 5
1580398672010 0.46153846 6
1580398672068 0.46153846 7
1580398672125 0.53846157 8
1580398672180 0.53846157 9
1580398672235 0.53846157 10
1580398672290 0.3846154 11
1580398672346 0.6923077 12
1580398672400 0.53846157 13
1580398672454 0.6923077 14
1580398672510 0.6923077 15
1580398672566 0.6923077 16
1580398672622 0.46153846 17
1580398672676 0.7692308 18
1580398672732 0.7692308 19
1580398672788 0.53846157 20
1580398672844 0.3846154 21
1580398672901 0.46153846 22
1580398672956 0.61538464 23
1580398673010 0.84615386 24
1580398673066 0.84615386 25
1580398673122 0.6923077 26
1580398673177 0.84615386 27
1580398673235 1.0 28
1580398673324 0.7692308 29
