1580398671681 1.3938237428665161 0
1580398671732 1.762514352798462 1
1580398671787 2.670027494430542 2
1580398671843 1.5115388631820679 3
1580398671898 1.7642016410827637 4
1580398671954 1.4154726266860962 5
1580398672010 1.2445766925811768 6
1580398672068 1.0630848407745361 7
1580398672125 1.0180562734603882 8
1580398672180 0.9951617121696472 9
1580398672235 1.0543265342712402 10
1580398672290 1.0603723526000977 11
1580398672346 0.8069310784339905 12
1580398672400 0.8065427541732788 13
1580398672454 0.9275557398796082 14
1580398672510 0.7622746825218201 15
1580398672566 0.6388573050498962 16
1580398672622 0.8523296117782593 17
1580398672676 0.804398775100708 18
1580398672732 0.5320014357566833 19
1580398672788 0.8846282958984375 20
1580398672844 1.0181580781936646 21
1580398672901 0.857426106929779 22
1580398672956 0.924824059009552 23
1580398673010 0.690358579158783 24
1580398673066 0.5483359694480896 25
1580398673122 0.6883134245872498 26
1580398673177 0.45117729902267456 27
1580398673235 0.3269633650779724 28
1580398673324 0.5408788919448853 29
