1580456921244 0.23076923 0
1580456921300 0.46153846 1
1580456921363 0.3846154 2
1580456921424 0.30769232 3
1580456921487 0.23076923 4
1580456921583 0.30769232 5
1580456921674 0.3846154 6
1580456921765 0.3846154 7
1580456921856 0.46153846 8
1580456921947 0.53846157 9
1580456922039 0.53846157 10
1580456922130 0.53846157 11
1580456922221 0.61538464 12
1580456922313 0.61538464 13
1580456922406 0.7692308 14
1580456922497 0.6923077 15
1580456922588 0.46153846 16
1580456922679 0.6923077 17
1580456922770 0.53846157 18
1580456922862 0.84615386 19
1580456922954 0.6923077 20
1580456923046 0.9230769 21
1580456923138 0.7692308 22
1580456923230 0.6923077 23
1580456923322 0.7692308 24
1580456923414 0.7692308 25
1580456923505 0.61538464 26
1580456923597 0.84615386 27
1580456923689 0.9230769 28
1580456923782 1.0 29
