1580456921244 1.404146432876587 0
1580456921300 1.3540329933166504 1
1580456921363 1.3693979978561401 2
1580456921424 1.3817397356033325 3
1580456921487 1.4230951070785522 4
1580456921583 1.3169026374816895 5
1580456921674 1.3359922170639038 6
1580456921765 1.2689112424850464 7
1580456921856 1.2389405965805054 8
1580456921947 1.2609037160873413 9
1580456922039 1.2401034832000732 10
1580456922130 1.1807242631912231 11
1580456922221 0.9725118279457092 12
1580456922313 1.0288890600204468 13
1580456922406 0.9933246970176697 14
1580456922497 0.8693709969520569 15
1580456922588 1.157307744026184 16
1580456922679 0.990513265132904 17
1580456922770 1.1058045625686646 18
1580456922862 0.7896250486373901 19
1580456922954 0.6459985971450806 20
1580456923046 0.5467314720153809 21
1580456923138 0.6834039092063904 22
1580456923230 0.8216698169708252 23
1580456923322 0.6540741324424744 24
1580456923414 0.5501719117164612 25
1580456923505 0.7844387888908386 26
1580456923597 0.5176635980606079 27
1580456923689 0.5109073519706726 28
1580456923782 0.31401193141937256 29
