1580398825817 0.23076923 0
1580398825869 0.3846154 1
1580398825925 0.3846154 2
1580398825982 0.3846154 3
1580398826041 0.23076923 4
1580398826098 0.30769232 5
1580398826155 0.23076923 6
1580398826212 0.3846154 7
1580398826269 0.53846157 8
1580398826326 0.61538464 9
1580398826383 0.23076923 10
1580398826441 0.61538464 11
1580398826498 0.46153846 12
1580398826556 0.53846157 13
1580398826613 0.53846157 14
1580398826670 0.46153846 15
1580398826728 0.6923077 16
1580398826787 0.6923077 17
1580398826845 0.61538464 18
1580398826904 0.6923077 19
1580398826961 0.61538464 20
1580398827020 0.61538464 21
1580398827080 0.61538464 22
1580398827138 0.61538464 23
1580398827197 0.3846154 24
1580398827257 0.61538464 25
1580398827314 0.7692308 26
1580398827374 0.7692308 27
1580398827434 0.7692308 28
1580398827494 0.7692308 29
