1580398825817 1.3943754434585571 0
1580398825869 1.3776576519012451 1
1580398825925 1.3755950927734375 2
1580398825982 1.3013458251953125 3
1580398826041 1.4206491708755493 4
1580398826098 1.3573534488677979 5
1580398826155 1.3136168718338013 6
1580398826212 1.3369979858398438 7
1580398826269 1.236072301864624 8
1580398826326 1.2109055519104004 9
1580398826383 1.3875274658203125 10
1580398826441 1.281982183456421 11
1580398826498 1.1963696479797363 12
1580398826556 1.1199406385421753 13
1580398826613 1.1926629543304443 14
1580398826670 1.0437153577804565 15
1580398826728 1.0944396257400513 16
1580398826787 1.024834394454956 17
1580398826845 1.0915400981903076 18
1580398826904 0.9986478090286255 19
1580398826961 1.0163180828094482 20
1580398827020 1.010475754737854 21
1580398827080 0.9071723222732544 22
1580398827138 1.0233919620513916 23
1580398827197 1.1560204029083252 24
1580398827257 0.866309404373169 25
1580398827314 0.7453638315200806 26
1580398827374 0.9083238840103149 27
1580398827434 0.7859532237052917 28
1580398827494 0.7286048531532288 29
