1580377194421 0.07692308 0
1580377194465 0.30769232 1
1580377194514 0.23076923 2
1580377194563 0.30769232 3
1580377194611 0.3846154 4
1580377194660 0.53846157 5
1580377194709 0.30769232 6
1580377194762 0.46153846 7
1580377194812 0.46153846 8
1580377194861 0.23076923 9
1580377194910 0.53846157 10
1580377194959 0.3846154 11
1580377195008 0.46153846 12
1580377195057 0.53846157 13
1580377195107 0.53846157 14
1580377195156 0.53846157 15
1580377195205 0.6923077 16
1580377195255 0.61538464 17
1580377195304 0.53846157 18
1580377195353 0.53846157 19
1580377195401 0.6923077 20
1580377195451 0.3846154 21
1580377195500 0.53846157 22
1580377195548 0.61538464 23
1580377195598 0.61538464 24
1580377195647 0.61538464 25
1580377195696 0.53846157 26
1580377195746 0.61538464 27
1580377195796 0.46153846 28
1580377195845 0.61538464 29
