1580377194421 1.5326253175735474 0
1580377194465 1.3474558591842651 1
1580377194514 1.4099059104919434 2
1580377194563 1.3594061136245728 3
1580377194611 1.3412292003631592 4
1580377194660 1.3314831256866455 5
1580377194709 1.348926067352295 6
1580377194762 1.3523017168045044 7
1580377194812 1.3419100046157837 8
1580377194861 1.4520195722579956 9
1580377194910 1.2651689052581787 10
1580377194959 1.3337041139602661 11
1580377195008 1.304365634918213 12
1580377195057 1.293489933013916 13
1580377195107 1.2639350891113281 14
1580377195156 1.2564449310302734 15
1580377195205 1.2335318326950073 16
1580377195255 1.2597033977508545 17
1580377195304 1.3331122398376465 18
1580377195353 1.2070302963256836 19
1580377195401 1.2467581033706665 20
1580377195451 1.3733365535736084 21
1580377195500 1.3231823444366455 22
1580377195548 1.2456333637237549 23
1580377195598 1.2243913412094116 24
1580377195647 1.2260191440582275 25
1580377195696 1.2385355234146118 26
1580377195746 1.2697415351867676 27
1580377195796 1.2437540292739868 28
1580377195845 1.1645909547805786 29
