1580398687217 0.53846157 0
1580398687266 0.3846154 1
1580398687320 0.30769232 2
1580398687377 0.23076923 3
1580398687463 0.23076923 4
1580398687545 0.46153846 5
1580398687628 0.30769232 6
1580398687710 0.3846154 7
1580398687792 0.30769232 8
1580398687875 0.46153846 9
1580398687961 0.53846157 10
1580398688044 0.9230769 11
1580398688128 0.6923077 12
1580398688211 0.3846154 13
1580398688295 0.7692308 14
1580398688378 0.6923077 15
1580398688461 0.6923077 16
1580398688545 0.7692308 17
1580398688629 0.6923077 18
1580398688712 0.7692308 19
1580398688796 0.84615386 20
1580398688880 0.6923077 21
1580398688970 0.84615386 22
1580398689053 0.6923077 23
1580398689136 0.6923077 24
1580398689220 0.7692308 25
1580398689305 0.7692308 26
1580398689390 0.84615386 27
1580398689474 0.84615386 28
1580398689560 0.9230769 29
