1580398687217 1.3533536195755005 0
1580398687266 1.3431214094161987 1
1580398687320 1.4094442129135132 2
1580398687377 1.3826267719268799 3
1580398687463 1.3738294839859009 4
1580398687545 1.2720786333084106 5
1580398687628 1.2574608325958252 6
1580398687710 1.2905629873275757 7
1580398687792 1.2937558889389038 8
1580398687875 1.1150002479553223 9
1580398687961 1.080427885055542 10
1580398688044 0.9814891815185547 11
1580398688128 0.8452908396720886 12
1580398688211 1.2232301235198975 13
1580398688295 0.8151867389678955 14
1580398688378 0.8510545492172241 15
1580398688461 0.7425631284713745 16
1580398688545 0.692592978477478 17
1580398688629 0.8054139018058777 18
1580398688712 0.5764110088348389 19
1580398688796 0.5557881593704224 20
1580398688880 0.5640918612480164 21
1580398688970 0.5070176720619202 22
1580398689053 0.7291052937507629 23
1580398689136 0.605166494846344 24
1580398689220 0.58656245470047 25
1580398689305 0.5931244492530823 26
1580398689390 0.48054108023643494 27
1580398689474 0.368043452501297 28
1580398689560 0.29462730884552 29
