1580398789967 0.30769232 0
1580398790018 0.3846154 1
1580398790075 0.30769232 2
1580398790130 0.30769232 3
1580398790187 0.3846154 4
1580398790243 0.53846157 5
1580398790299 0.3846154 6
1580398790356 0.53846157 7
1580398790412 0.53846157 8
1580398790469 0.46153846 9
1580398790525 0.46153846 10
1580398790581 0.46153846 11
1580398790637 0.46153846 12
1580398790694 0.61538464 13
1580398790751 0.46153846 14
1580398790808 0.61538464 15
1580398790866 0.53846157 16
1580398790925 0.7692308 17
1580398790982 0.7692308 18
1580398791040 0.53846157 19
1580398791097 0.6923077 20
1580398791155 0.61538464 21
1580398791212 0.53846157 22
1580398791272 0.61538464 23
1580398791331 0.7692308 24
1580398791387 0.7692308 25
1580398791445 0.46153846 26
1580398791502 0.61538464 27
1580398791560 0.3846154 28
1580398791620 0.3846154 29
