1580398789967 1.3832634687423706 0
1580398790018 1.3961085081100464 1
1580398790075 1.3223198652267456 2
1580398790130 1.4603724479675293 3
1580398790187 1.4096567630767822 4
1580398790243 1.362507700920105 5
1580398790299 1.2718157768249512 6
1580398790356 1.2285287380218506 7
1580398790412 1.1937390565872192 8
1580398790469 1.1516085863113403 9
1580398790525 1.1733564138412476 10
1580398790581 1.3096327781677246 11
1580398790637 1.2465851306915283 12
1580398790694 0.9301150441169739 13
1580398790751 1.143941044807434 14
1580398790808 0.9069547653198242 15
1580398790866 1.0815180540084839 16
1580398790925 0.6473487019538879 17
1580398790982 0.6091228723526001 18
1580398791040 0.8189786672592163 19
1580398791097 0.5980581641197205 20
1580398791155 0.6491719484329224 21
1580398791212 0.8858969211578369 22
1580398791272 0.8845282196998596 23
1580398791331 0.5978304147720337 24
1580398791387 0.469696044921875 25
1580398791445 1.0713211297988892 26
1580398791502 1.5075914859771729 27
1580398791560 1.500952959060669 28
1580398791620 1.9156012535095215 29
