1580398597086 0.23076923 0
1580398597132 0.3846154 1
1580398597184 0.30769232 2
1580398597236 0.3846154 3
1580398597288 0.15384616 4
1580398597340 0.53846157 5
1580398597392 0.53846157 6
1580398597444 0.46153846 7
1580398597496 0.3846154 8
1580398597549 0.3846154 9
1580398597600 0.46153846 10
1580398597652 0.3846154 11
1580398597704 0.30769232 12
1580398597757 0.30769232 13
1580398597810 0.3846154 14
1580398597862 0.23076923 15
1580398597914 0.53846157 16
1580398597967 0.61538464 17
1580398598019 0.61538464 18
1580398598072 0.53846157 19
1580398598124 0.3846154 20
1580398598177 0.46153846 21
1580398598230 0.61538464 22
1580398598283 0.6923077 23
1580398598335 0.7692308 24
1580398598388 0.46153846 25
1580398598440 0.46153846 26
1580398598495 0.6923077 27
1580398598548 0.61538464 28
1580398598601 0.6923077 29
