1580398597086 1.3982840776443481 0
1580398597132 1.4027622938156128 1
1580398597184 1.3923683166503906 2
1580398597236 1.2664803266525269 3
1580398597288 1.3409335613250732 4
1580398597340 1.2384047508239746 5
1580398597392 1.0263670682907104 6
1580398597444 1.1491827964782715 7
1580398597496 1.5661914348602295 8
1580398597549 1.7265669107437134 9
1580398597600 1.0567097663879395 10
1580398597652 1.5586985349655151 11
1580398597704 1.728243350982666 12
1580398597757 1.2739112377166748 13
1580398597810 0.9792944192886353 14
1580398597862 1.6343344449996948 15
1580398597914 1.056186556816101 16
1580398597967 0.8337907195091248 17
1580398598019 0.6893996596336365 18
1580398598072 1.0107916593551636 19
1580398598124 1.267813801765442 20
1580398598177 1.2168588638305664 21
1580398598230 0.7137102484703064 22
1580398598283 0.7041409015655518 23
1580398598335 0.6476835012435913 24
1580398598388 1.026879072189331 25
1580398598440 0.8994950652122498 26
1580398598495 0.6088778376579285 27
1580398598548 0.4852741062641144 28
1580398598601 0.9426099061965942 29
