1580456981524 0.30769232 0
1580456981581 0.30769232 1
1580456981644 0.3846154 2
1580456981706 0.30769232 3
1580456981802 0.3846154 4
1580456981894 0.3846154 5
1580456981987 0.53846157 6
1580456982079 0.3846154 7
1580456982172 0.46153846 8
1580456982265 0.61538464 9
1580456982357 0.46153846 10
1580456982450 0.7692308 11
1580456982543 0.53846157 12
1580456982637 0.46153846 13
1580456982730 0.61538464 14
1580456982824 0.84615386 15
1580456982917 0.6923077 16
1580456983011 0.84615386 17
1580456983105 0.46153846 18
1580456983198 0.61538464 19
1580456983292 0.61538464 20
1580456983386 0.61538464 21
1580456983480 0.30769232 22
1580456983574 0.3846154 23
1580456983668 0.9230769 24
1580456983762 0.61538464 25
1580456983857 0.7692308 26
1580456983951 0.84615386 27
1580456984046 0.6923077 28
1580456984140 0.61538464 29
