1580456981524 1.4110203981399536 0
1580456981581 1.4299908876419067 1
1580456981644 1.3696227073669434 2
1580456981706 1.3217037916183472 3
1580456981802 1.3249621391296387 4
1580456981894 1.2601128816604614 5
1580456981987 1.196891188621521 6
1580456982079 1.2071318626403809 7
1580456982172 1.2865805625915527 8
1580456982265 0.9949805736541748 9
1580456982357 1.0649440288543701 10
1580456982450 0.9150142073631287 11
1580456982543 0.9997602701187134 12
1580456982637 0.9424313902854919 13
1580456982730 0.9077510833740234 14
1580456982824 0.6579660177230835 15
1580456982917 0.7905610203742981 16
1580456983011 0.49567312002182007 17
1580456983105 1.081717848777771 18
1580456983198 0.7405035495758057 19
1580456983292 0.6128882765769958 20
1580456983386 0.6579605937004089 21
1580456983480 1.307727336883545 22
1580456983574 0.8607608079910278 23
1580456983668 0.49902138113975525 24
1580456983762 0.7810789346694946 25
1580456983857 0.5364674925804138 26
1580456983951 0.5395513772964478 27
1580456984046 0.6521161198616028 28
1580456984140 0.6810871958732605 29
