1580398585593 0.3846154 0
1580398585639 0.46153846 1
1580398585691 0.3846154 2
1580398585742 0.46153846 3
1580398585794 0.3846154 4
1580398585845 0.3846154 5
1580398585896 0.61538464 6
1580398585948 0.46153846 7
1580398586001 0.53846157 8
1580398586054 0.61538464 9
1580398586105 0.15384616 10
1580398586156 0.46153846 11
1580398586208 0.53846157 12
1580398586260 0.53846157 13
1580398586313 0.7692308 14
1580398586364 0.61538464 15
1580398586417 0.7692308 16
1580398586471 0.7692308 17
1580398586524 0.61538464 18
1580398586578 0.61538464 19
1580398586631 0.84615386 20
1580398586684 0.6923077 21
1580398586738 0.61538464 22
1580398586791 0.9230769 23
1580398586843 0.7692308 24
1580398586896 0.84615386 25
1580398586948 0.84615386 26
1580398587000 0.84615386 27
1580398587053 0.84615386 28
1580398587106 0.7692308 29
