1580398585593 1.3908048868179321 0
1580398585639 1.3643473386764526 1
1580398585691 1.4122142791748047 2
1580398585742 1.3146185874938965 3
1580398585794 1.2878857851028442 4
1580398585845 1.1939812898635864 5
1580398585896 1.151108741760254 6
1580398585948 1.1756354570388794 7
1580398586001 1.1213041543960571 8
1580398586054 0.9165229797363281 9
1580398586105 1.2457375526428223 10
1580398586156 1.1680852174758911 11
1580398586208 0.8371204733848572 12
1580398586260 1.1317710876464844 13
1580398586313 0.6960696578025818 14
1580398586364 0.7422753572463989 15
1580398586417 0.5798348784446716 16
1580398586471 0.7693433165550232 17
1580398586524 0.8946800231933594 18
1580398586578 0.8065897822380066 19
1580398586631 0.52958744764328 20
1580398586684 0.798655092716217 21
1580398586738 0.7057214975357056 22
1580398586791 0.47998908162117004 23
1580398586843 0.5516824126243591 24
1580398586896 0.4236212372779846 25
1580398586948 0.35352662205696106 26
1580398587000 0.2964382767677307 27
1580398587053 0.4415913224220276 28
1580398587106 0.9616698026657104 29
