1580398520501 0.23076923 0
1580398520545 0.3846154 1
1580398520596 0.23076923 2
1580398520648 0.23076923 3
1580398520699 0.3846154 4
1580398520749 0.61538464 5
1580398520800 0.46153846 6
1580398520850 0.53846157 7
1580398520902 0.3846154 8
1580398520952 0.53846157 9
1580398521002 0.53846157 10
1580398521056 0.61538464 11
1580398521107 0.61538464 12
1580398521157 0.61538464 13
1580398521209 0.6923077 14
1580398521260 0.61538464 15
1580398521311 0.6923077 16
1580398521363 0.61538464 17
1580398521415 0.46153846 18
1580398521467 0.53846157 19
1580398521519 0.53846157 20
1580398521569 0.61538464 21
1580398521621 0.53846157 22
1580398521674 0.53846157 23
1580398521726 0.53846157 24
1580398521779 0.46153846 25
1580398521832 0.53846157 26
1580398521885 0.61538464 27
1580398521938 0.6923077 28
1580398521991 0.61538464 29
