1580398520501 1.4286766052246094 0
1580398520545 178.74745178222656 1
1580398520596 106.80886840820312 2
1580398520648 72.88619232177734 3
1580398520699 35.18612289428711 4
1580398520749 2.798534870147705 5
1580398520800 5.276302814483643 6
1580398520850 2.328613042831421 7
1580398520902 1.1998791694641113 8
1580398520952 0.9716943502426147 9
1580398521002 1.200321078300476 10
1580398521056 0.8735323548316956 11
1580398521107 0.7766352891921997 12
1580398521157 0.7544753551483154 13
1580398521209 0.638268232345581 14
1580398521260 0.7155888080596924 15
1580398521311 0.5938899517059326 16
1580398521363 0.7909765839576721 17
1580398521415 1.0343587398529053 18
1580398521467 1.0518367290496826 19
1580398521519 1.1701927185058594 20
1580398521569 0.7047356963157654 21
1580398521621 0.9685397744178772 22
1580398521674 1.0406036376953125 23
1580398521726 1.0628968477249146 24
1580398521779 0.9637904763221741 25
1580398521832 0.9586857557296753 26
1580398521885 0.8082686066627502 27
1580398521938 0.6065948009490967 28
1580398521991 0.7922719120979309 29
