1580398551521 0.15384616 0
1580398551566 0.3846154 1
1580398551619 0.6923077 2
1580398551670 0.3846154 3
1580398551722 0.46153846 4
1580398551773 0.53846157 5
1580398551825 0.23076923 6
1580398551877 0.46153846 7
1580398551929 0.53846157 8
1580398551980 0.61538464 9
1580398552032 0.53846157 10
1580398552085 0.84615386 11
1580398552136 0.46153846 12
1580398552186 0.6923077 13
1580398552239 0.61538464 14
1580398552291 0.53846157 15
1580398552344 0.61538464 16
1580398552397 0.46153846 17
1580398552450 0.6923077 18
1580398552502 0.7692308 19
1580398552554 0.84615386 20
1580398552607 0.7692308 21
1580398552660 0.84615386 22
1580398552712 0.84615386 23
1580398552766 0.6923077 24
1580398552818 0.61538464 25
1580398552870 0.84615386 26
1580398552923 0.6923077 27
1580398553006 0.6923077 28
1580398553084 0.9230769 29
