1580398551521 1.390613317489624 0
1580398551566 1.3683381080627441 1
1580398551619 1.2587577104568481 2
1580398551670 1.3111004829406738 3
1580398551722 1.2736390829086304 4
1580398551773 1.1173784732818604 5
1580398551825 1.5861244201660156 6
1580398551877 1.3968675136566162 7
1580398551929 1.209815502166748 8
1580398551980 1.1287223100662231 9
1580398552032 1.0830519199371338 10
1580398552085 1.002619981765747 11
1580398552136 0.9173237681388855 12
1580398552186 0.8984193205833435 13
1580398552239 1.0093348026275635 14
1580398552291 0.7736393809318542 15
1580398552344 0.7341935038566589 16
1580398552397 1.0778872966766357 17
1580398552450 0.9710429310798645 18
1580398552502 0.6874750852584839 19
1580398552554 0.6544338464736938 20
1580398552607 0.6210912466049194 21
1580398552660 0.5283070206642151 22
1580398552712 0.4485231935977936 23
1580398552766 0.5419455170631409 24
1580398552818 1.0429543256759644 25
1580398552870 0.33851897716522217 26
1580398552923 0.7043314576148987 27
1580398553006 0.7318171262741089 28
1580398553084 0.40660569071769714 29
