1580394101369 0.07692308 0
1580394101414 0.15384616 1
1580394101463 0.23076923 2
1580394101512 0.3846154 3
1580394101561 0.3846154 4
1580394101610 0.30769232 5
1580394101659 0.30769232 6
1580394101708 0.3846154 7
1580394101757 0.53846157 8
1580394101811 0.3846154 9
1580394101860 0.3846154 10
1580394101910 0.3846154 11
1580394101959 0.3846154 12
1580394102009 0.61538464 13
1580394102058 0.53846157 14
1580394102106 0.6923077 15
1580394102153 0.6923077 16
1580394102201 0.7692308 17
1580394102249 0.6923077 18
1580394102297 0.7692308 19
1580394102345 0.7692308 20
1580394102393 0.46153846 21
1580394102442 0.3846154 22
1580394102490 0.53846157 23
1580394102538 0.6923077 24
1580394102586 0.84615386 25
1580394102634 0.61538464 26
1580394102683 0.6923077 27
1580394102732 0.84615386 28
1580394102782 0.61538464 29
