1580394101369 1.5326253175735474 0
1580394101414 1.3626439571380615 1
1580394101463 1.4224668741226196 2
1580394101512 1.3781673908233643 3
1580394101561 1.3280823230743408 4
1580394101610 1.3391082286834717 5
1580394101659 1.3298325538635254 6
1580394101708 1.3318911790847778 7
1580394101757 1.2904328107833862 8
1580394101811 1.3766778707504272 9
1580394101860 1.2551451921463013 10
1580394101910 1.3518620729446411 11
1580394101959 1.309276819229126 12
1580394102009 1.2210930585861206 13
1580394102058 1.2295386791229248 14
1580394102106 1.1650534868240356 15
1580394102153 1.145268201828003 16
1580394102201 1.1046037673950195 17
1580394102249 1.142807126045227 18
1580394102297 1.089916467666626 19
1580394102345 1.0535905361175537 20
1580394102393 1.2620351314544678 21
1580394102442 1.2000218629837036 22
1580394102490 1.0380867719650269 23
1580394102538 0.9909789562225342 24
1580394102586 0.9376518726348877 25
1580394102634 0.98177570104599 26
1580394102683 0.9344154596328735 27
1580394102732 0.9824548959732056 28
1580394102782 0.9179979562759399 29
