1580398918378 0.15384616 0
1580398918430 0.15384616 1
1580398918490 0.15384616 2
1580398918548 0.30769232 3
1580398918606 0.3846154 4
1580398918665 0.3846154 5
1580398918724 0.3846154 6
1580398918783 0.3846154 7
1580398918842 0.46153846 8
1580398918901 0.53846157 9
1580398918959 0.53846157 10
1580398919018 0.46153846 11
1580398919077 0.3846154 12
1580398919135 0.53846157 13
1580398919195 0.6923077 14
1580398919254 0.61538464 15
1580398919314 0.6923077 16
1580398919373 0.53846157 17
1580398919432 0.6923077 18
1580398919492 0.61538464 19
1580398919552 0.7692308 20
1580398919611 0.84615386 21
1580398919671 0.84615386 22
1580398919732 0.6923077 23
1580398919794 0.84615386 24
1580398919854 0.46153846 25
1580398919916 0.84615386 26
1580398919976 0.61538464 27
1580398920036 0.7692308 28
1580398920095 0.7692308 29
