1580398918378 1.4192930459976196 0
1580398918430 1.3967149257659912 1
1580398918490 1.3875644207000732 2
1580398918548 1.3816485404968262 3
1580398918606 1.3721683025360107 4
1580398918665 1.2622582912445068 5
1580398918724 1.2872320413589478 6
1580398918783 1.2238153219223022 7
1580398918842 1.2667969465255737 8
1580398918901 1.1277351379394531 9
1580398918959 1.0318325757980347 10
1580398919018 1.0720804929733276 11
1580398919077 1.2020008563995361 12
1580398919135 1.0216790437698364 13
1580398919195 0.7803660035133362 14
1580398919254 0.9041712880134583 15
1580398919314 0.8562346696853638 16
1580398919373 0.9496114253997803 17
1580398919432 0.7132896184921265 18
1580398919492 0.7950845956802368 19
1580398919552 0.7565793991088867 20
1580398919611 0.5064104795455933 21
1580398919671 0.5494988560676575 22
1580398919732 0.7868127226829529 23
1580398919794 0.5792464017868042 24
1580398919854 0.8069756031036377 25
1580398919916 0.4060465693473816 26
1580398919976 0.5810761451721191 27
1580398920036 0.41658562421798706 28
1580398920095 0.40001657605171204 29
