1580396914217 0.07692308 0
1580396914290 0.30769232 1
1580396914367 0.3846154 2
1580396914440 0.15384616 3
1580396914512 0.3846154 4
1580396914584 0.23076923 5
1580396914656 0.46153846 6
1580396914728 0.46153846 7
1580396914800 0.7692308 8
1580396914871 0.6923077 9
1580396914943 0.6923077 10
1580396915016 0.7692308 11
1580396915089 0.84615386 12
1580396915161 1.0 13
1580396915234 1.0 14
1580396915307 0.84615386 15
1580396915380 0.84615386 16
1580396915452 0.7692308 17
1580396915525 0.7692308 18
1580396915599 0.84615386 19
1580396915672 1.0 20
1580396915745 0.61538464 21
1580396915818 0.61538464 22
1580396915892 0.61538464 23
1580396915965 0.6923077 24
1580396916039 0.84615386 25
1580396916112 0.6923077 26
1580396916186 0.84615386 27
1580396916259 1.0 28
1580396916332 0.7692308 29
1580396916881 0.46153846 0
1580396916928 0.46153846 1
1580396916979 0.3846154 2
1580396917031 0.15384616 3
1580396917083 0.3846154 4
1580396917135 0.61538464 5
1580396917187 0.46153846 6
1580396917239 0.46153846 7
1580396917291 0.30769232 8
1580396917343 0.3846154 9
1580396917396 0.53846157 10
1580396917451 0.53846157 11
1580396917504 0.46153846 12
1580396917557 0.61538464 13
1580396917609 0.6923077 14
1580396917661 0.84615386 15
1580396917714 0.6923077 16
1580396917766 0.7692308 17
1580396917819 0.6923077 18
1580396917871 0.84615386 19
1580396917923 0.7692308 20
1580396917975 0.61538464 21
1580396918028 0.6923077 22
1580396918080 0.84615386 23
1580396918131 0.7692308 24
1580396918183 0.53846157 25
1580396918235 0.6923077 26
1580396918288 0.53846157 27
1580396918340 0.7692308 28
1580396918393 0.6923077 29
1580396918785 0.46153846 0
1580396918833 0.53846157 1
1580396918886 0.46153846 2
1580396918939 0.46153846 3
1580396918991 0.3846154 4
1580396919044 0.46153846 5
1580396919098 0.15384616 6
1580396919151 0.46153846 7
1580396919204 0.46153846 8
1580396919256 0.46153846 9
1580396919310 0.3846154 10
1580396919363 0.3846154 11
1580396919417 0.30769232 12
1580396919472 0.23076923 13
1580396919525 0.30769232 14
1580396919578 0.7692308 15
1580396919632 0.30769232 16
1580396919685 0.30769232 17
1580396919739 0.23076923 18
1580396919792 0.30769232 19
1580396919845 0.3846154 20
1580396919899 0.3846154 21
1580396919953 0.61538464 22
1580396920006 0.53846157 23
1580396920061 0.53846157 24
1580396920115 0.53846157 25
1580396920168 0.53846157 26
1580396920223 0.6923077 27
1580396920277 0.7692308 28
1580396920331 0.53846157 29
1580396920734 0.23076923 0
1580396920783 0.30769232 1
1580396920837 0.30769232 2
1580396920890 0.46153846 3
1580396920944 0.30769232 4
1580396920997 0.46153846 5
1580396921050 0.3846154 6
1580396921105 0.7692308 7
1580396921158 0.46153846 8
1580396921213 0.6923077 9
1580396921267 0.6923077 10
1580396921320 0.7692308 11
1580396921374 0.53846157 12
1580396921428 0.6923077 13
1580396921482 0.61538464 14
1580396921537 0.7692308 15
1580396921591 0.84615386 16
1580396921645 0.7692308 17
1580396921699 0.9230769 18
1580396921754 0.7692308 19
1580396921808 0.6923077 20
1580396921863 0.6923077 21
1580396921917 0.84615386 22
1580396921971 0.6923077 23
1580396922026 0.61538464 24
1580396922081 0.53846157 25
1580396922136 0.61538464 26
1580396922190 0.53846157 27
1580396922245 0.6923077 28
1580396922299 0.61538464 29
1580396922686 0.23076923 0
1580396922736 0.46153846 1
1580396922791 0.30769232 2
1580396922847 0.3846154 3
1580396922902 0.30769232 4
1580396922958 0.3846154 5
1580396923013 0.46153846 6
1580396923068 0.23076923 7
1580396923124 0.46153846 8
1580396923180 0.46153846 9
1580396923237 0.6923077 10
1580396923293 0.53846157 11
1580396923349 0.3846154 12
1580396923406 0.46153846 13
1580396923462 0.3846154 14
1580396923519 0.53846157 15
1580396923576 0.53846157 16
1580396923633 0.6923077 17
1580396923690 0.61538464 18
1580396923746 0.53846157 19
1580396923803 0.46153846 20
1580396923859 0.6923077 21
1580396923915 0.7692308 22
1580396923972 0.6923077 23
1580396924028 0.84615386 24
1580396924085 0.9230769 25
1580396924141 0.7692308 26
1580396924198 0.9230769 27
1580396924255 0.84615386 28
1580396924311 0.9230769 29
1580396924701 0.30769232 0
1580396924758 0.15384616 1
1580396924815 0.30769232 2
1580396924872 0.30769232 3
1580396924929 0.46153846 4
1580396924986 0.46153846 5
1580396925043 0.30769232 6
1580396925100 0.53846157 7
1580396925157 0.7692308 8
1580396925215 0.46153846 9
1580396925271 0.30769232 10
1580396925328 0.23076923 11
1580396925385 0.3846154 12
1580396925442 0.6923077 13
1580396925500 0.53846157 14
1580396925557 0.61538464 15
1580396925614 0.53846157 16
1580396925671 0.30769232 17
1580396925728 0.6923077 18
1580396925786 0.84615386 19
1580396925843 0.61538464 20
1580396925900 0.7692308 21
1580396925958 0.61538464 22
1580396926016 0.53846157 23
1580396926073 0.6923077 24
1580396926130 0.7692308 25
1580396926189 0.84615386 26
1580396926246 0.53846157 27
1580396926304 0.7692308 28
1580396926362 0.6923077 29
1580396926748 0.23076923 0
1580396926801 0.46153846 1
1580396926859 0.30769232 2
1580396926917 0.30769232 3
1580396926975 0.23076923 4
1580396927033 0.3846154 5
1580396927090 0.46153846 6
1580396927147 0.53846157 7
1580396927205 0.53846157 8
1580396927263 0.53846157 9
1580396927321 0.3846154 10
1580396927379 0.3846154 11
1580396927439 0.53846157 12
1580396927497 0.53846157 13
1580396927556 0.53846157 14
1580396927613 0.53846157 15
1580396927672 0.46153846 16
1580396927730 0.6923077 17
1580396927788 0.30769232 18
1580396927846 0.3846154 19
1580396927904 0.7692308 20
1580396927962 0.61538464 21
1580396928020 0.61538464 22
1580396928077 0.46153846 23
1580396928135 0.53846157 24
1580396928193 0.46153846 25
1580396928251 0.53846157 26
1580396928309 0.61538464 27
1580396928367 0.53846157 28
1580396928426 0.61538464 29
1580396928813 0.15384616 0
1580396928867 0.46153846 1
1580396928926 0.3846154 2
1580396928986 0.3846154 3
1580396929046 0.3846154 4
1580396929104 0.53846157 5
1580396929164 0.61538464 6
1580396929223 0.61538464 7
1580396929283 0.46153846 8
1580396929343 0.46153846 9
1580396929404 0.53846157 10
1580396929464 0.53846157 11
1580396929524 0.6923077 12
1580396929583 0.6923077 13
1580396929641 0.9230769 14
1580396929701 0.53846157 15
1580396929760 0.46153846 16
1580396929821 0.84615386 17
1580396929882 0.61538464 18
1580396929942 0.84615386 19
1580396930003 0.7692308 20
1580396930063 0.61538464 21
1580396930123 0.61538464 22
1580396930184 0.61538464 23
1580396930244 0.84615386 24
1580396930303 0.9230769 25
1580396930364 0.84615386 26
1580396930424 0.7692308 27
1580396930484 0.84615386 28
1580396930545 0.84615386 29
1580396930943 0.46153846 0
1580396930999 0.30769232 1
1580396931062 0.30769232 2
1580396931124 0.30769232 3
1580396931186 0.3846154 4
1580396931249 0.53846157 5
1580396931310 0.3846154 6
1580396931371 0.46153846 7
1580396931433 0.3846154 8
1580396931495 0.30769232 9
1580396931556 0.30769232 10
1580396931618 0.15384616 11
1580396931680 0.23076923 12
1580396931743 0.30769232 13
1580396931805 0.46153846 14
1580396931868 0.53846157 15
1580396931930 0.46153846 16
1580396931992 0.30769232 17
1580396932054 0.46153846 18
1580396932116 0.46153846 19
1580396932178 0.46153846 20
1580396932241 0.46153846 21
1580396932304 0.46153846 22
1580396932365 0.3846154 23
1580396932427 0.46153846 24
1580396932490 0.53846157 25
1580396932552 0.46153846 26
1580396932614 0.61538464 27
1580396932676 0.6923077 28
1580396932738 0.46153846 29
1580396933133 0.46153846 0
1580396933191 0.23076923 1
1580396933253 0.30769232 2
1580396933316 0.53846157 3
1580396933378 0.30769232 4
1580396933441 0.46153846 5
1580396933502 0.30769232 6
1580396933565 0.3846154 7
1580396933627 0.3846154 8
1580396933690 0.3846154 9
1580396933752 0.6923077 10
1580396933815 0.53846157 11
1580396933877 0.7692308 12
1580396933940 0.53846157 13
1580396934002 0.53846157 14
1580396934066 0.61538464 15
1580396934129 0.84615386 16
1580396934192 0.84615386 17
1580396934254 0.84615386 18
1580396934317 0.61538464 19
1580396934380 0.6923077 20
1580396934444 0.84615386 21
1580396934507 0.53846157 22
1580396934571 0.84615386 23
1580396934634 0.61538464 24
1580396934697 0.7692308 25
1580396934760 0.53846157 26
1580396934823 0.9230769 27
1580396934886 0.84615386 28
1580396934948 1.0 29
1580396935518 0.23076923 0
1580396935576 0.30769232 1
1580396935640 0.30769232 2
1580396935703 0.61538464 3
1580396935767 0.30769232 4
1580396935831 0.30769232 5
1580396935895 0.6923077 6
1580396935958 0.61538464 7
1580396936022 0.46153846 8
1580396936086 0.61538464 9
1580396936150 0.6923077 10
1580396936214 0.6923077 11
1580396936278 0.6923077 12
1580396936341 0.53846157 13
1580396936405 0.6923077 14
1580396936469 0.84615386 15
1580396936533 0.7692308 16
1580396936598 0.7692308 17
1580396936662 0.53846157 18
1580396936727 0.61538464 19
1580396936791 0.30769232 20
1580396936858 0.46153846 21
1580396936922 0.46153846 22
1580396936987 0.7692308 23
1580396937052 0.6923077 24
1580396937116 0.84615386 25
1580396937181 0.6923077 26
1580396937246 1.0 27
1580396937311 0.6923077 28
1580396937375 0.9230769 29
1580396937817 0.23076923 0
1580396937878 0.23076923 1
1580396937944 0.46153846 2
1580396938011 0.3846154 3
1580396938077 0.23076923 4
1580396938142 0.46153846 5
1580396938208 0.30769232 6
1580396938274 0.53846157 7
1580396938340 0.61538464 8
1580396938407 0.61538464 9
1580396938474 0.53846157 10
1580396938540 0.61538464 11
1580396938608 0.6923077 12
1580396938676 0.61538464 13
1580396938743 0.7692308 14
1580396938811 0.7692308 15
1580396938878 0.61538464 16
1580396938945 0.53846157 17
1580396939012 0.61538464 18
1580396939079 0.61538464 19
1580396939146 0.7692308 20
1580396939212 0.61538464 21
1580396939279 0.6923077 22
1580396939346 0.84615386 23
1580396939413 0.84615386 24
1580396939481 0.53846157 25
1580396939548 0.61538464 26
1580396939615 0.6923077 27
1580396939682 0.6923077 28
1580396939750 0.6923077 29
1580396940171 0.46153846 0
1580396940236 0.30769232 1
1580396940304 0.61538464 2
1580396940371 0.3846154 3
1580396940438 0.3846154 4
1580396940505 0.53846157 5
1580396940572 0.23076923 6
1580396940640 0.23076923 7
1580396940707 0.3846154 8
1580396940774 0.6923077 9
1580396940841 0.3846154 10
1580396940909 0.53846157 11
1580396940976 0.53846157 12
1580396941043 0.61538464 13
1580396941110 0.6923077 14
1580396941178 0.61538464 15
1580396941244 0.53846157 16
1580396941311 0.61538464 17
1580396941378 0.7692308 18
1580396941446 0.7692308 19
1580396941513 0.61538464 20
1580396941581 0.84615386 21
1580396941648 0.7692308 22
1580396941716 0.6923077 23
1580396941784 0.84615386 24
1580396941851 0.6923077 25
1580396941919 0.9230769 26
1580396941986 1.0 27
1580396942055 0.7692308 28
1580396942122 0.9230769 29
1580396942528 0.23076923 0
1580396942591 0.3846154 1
1580396942660 0.3846154 2
1580396942728 0.30769232 3
1580396942795 0.46153846 4
1580396942863 0.3846154 5
1580396942932 0.46153846 6
1580396943001 0.61538464 7
1580396943070 0.53846157 8
1580396943138 0.53846157 9
1580396943206 0.53846157 10
1580396943276 0.61538464 11
1580396943345 0.46153846 12
1580396943414 0.7692308 13
1580396943483 0.6923077 14
1580396943552 0.53846157 15
1580396943622 0.6923077 16
1580396943692 0.6923077 17
1580396943762 0.84615386 18
1580396943832 0.53846157 19
1580396943900 0.9230769 20
1580396943970 0.7692308 21
1580396944039 0.7692308 22
1580396944109 0.84615386 23
1580396944178 0.6923077 24
1580396944248 0.7692308 25
1580396944318 0.61538464 26
1580396944388 0.7692308 27
1580396944459 0.6923077 28
1580396944529 0.9230769 29
1580396944939 0.3846154 0
1580396945004 0.15384616 1
1580396945074 0.3846154 2
1580396945144 0.30769232 3
1580396945213 0.53846157 4
1580396945284 0.3846154 5
1580396945354 0.46153846 6
1580396945424 0.46153846 7
1580396945494 0.6923077 8
1580396945564 0.53846157 9
1580396945634 0.61538464 10
1580396945705 0.6923077 11
1580396945775 0.61538464 12
1580396945846 0.6923077 13
1580396945916 0.7692308 14
1580396945987 0.3846154 15
1580396946058 0.46153846 16
1580396946129 0.6923077 17
1580396946200 0.53846157 18
1580396946270 0.61538464 19
1580396946342 0.53846157 20
1580396946413 0.6923077 21
1580396946484 0.9230769 22
1580396946554 0.6923077 23
1580396946626 0.6923077 24
1580396946696 0.53846157 25
1580396946767 0.7692308 26
1580396946838 0.6923077 27
1580396946909 0.9230769 28
1580396946980 0.84615386 29
1580396947534 0.3846154 0
1580396947601 0.15384616 1
1580396947672 0.23076923 2
1580396947744 0.46153846 3
1580396947816 0.3846154 4
1580396947887 0.46153846 5
1580396947959 0.30769232 6
1580396948031 0.3846154 7
