1580396914217 1.5326253175735474 0
1580396914290 6.694696426391602 1
1580396914367 18.04914093017578 2
1580396914440 14.81390380859375 3
1580396914512 10.466806411743164 4
1580396914584 2.3604578971862793 5
1580396914656 1.0729663372039795 6
1580396914728 0.9049130082130432 7
1580396914800 0.7663926482200623 8
1580396914871 0.7848660349845886 9
1580396914943 0.8375911712646484 10
1580396915016 0.7371008992195129 11
1580396915089 0.6090275645256042 12
1580396915161 0.37582942843437195 13
1580396915234 0.3647550046443939 14
1580396915307 0.5159183144569397 15
1580396915380 0.4253165125846863 16
1580396915452 0.5594127178192139 17
1580396915525 0.5729296207427979 18
1580396915599 0.4933684766292572 19
1580396915672 0.3034575581550598 20
1580396915745 1.1122398376464844 21
1580396915818 1.0137931108474731 22
1580396915892 1.0527945756912231 23
1580396915965 0.7405659556388855 24
1580396916039 0.4202978014945984 25
1580396916112 0.6774514317512512 26
1580396916186 0.46326667070388794 27
1580396916259 0.21168044209480286 28
1580396916332 0.5623438358306885 29
1580396916881 1.3890080451965332 0
1580396916928 77.79442596435547 1
1580396916979 150.8419189453125 2
1580396917031 140.1842803955078 3
1580396917083 53.245906829833984 4
1580396917135 16.91258430480957 5
1580396917187 11.111312866210938 6
1580396917239 9.887038230895996 7
1580396917291 27.299257278442383 8
1580396917343 8.637114524841309 9
1580396917396 1.8058902025222778 10
1580396917451 1.0011006593704224 11
1580396917504 1.067223072052002 12
1580396917557 0.8477881550788879 13
1580396917609 0.6381636261940002 14
1580396917661 0.61019366979599 15
1580396917714 0.6038004755973816 16
1580396917766 0.7969025373458862 17
1580396917819 0.6583436727523804 18
1580396917871 0.595967173576355 19
1580396917923 0.6997216939926147 20
1580396917975 0.6221754550933838 21
1580396918028 0.7708228826522827 22
1580396918080 0.4676949381828308 23
1580396918131 0.5285224318504333 24
1580396918183 1.0263584852218628 25
1580396918235 0.6252237558364868 26
1580396918288 0.6670786142349243 27
1580396918340 0.8889595866203308 28
1580396918393 0.9723030924797058 29
1580396918785 1.3447682857513428 0
1580396918833 1.362583875656128 1
1580396918886 1.3588995933532715 2
1580396918939 1.2683430910110474 3
1580396918991 1.23572838306427 4
1580396919044 1.342634677886963 5
1580396919098 1.490883469581604 6
1580396919151 1.073322057723999 7
1580396919204 0.8801785707473755 8
1580396919256 1.5098450183868408 9
1580396919310 1.8820509910583496 10
1580396919363 1.0706698894500732 11
1580396919417 1.2637702226638794 12
1580396919472 1.5478790998458862 13
1580396919525 1.3852393627166748 14
1580396919578 0.8891894221305847 15
1580396919632 1.1953271627426147 16
1580396919685 1.2178962230682373 17
1580396919739 1.3531415462493896 18
1580396919792 1.1502677202224731 19
1580396919845 1.1418572664260864 20
1580396919899 1.1226059198379517 21
1580396919953 0.9106190800666809 22
1580396920006 1.017112135887146 23
1580396920061 0.7850954532623291 24
1580396920115 0.8003292679786682 25
1580396920168 0.7769752144813538 26
1580396920223 0.6838894486427307 27
1580396920277 0.7052336931228638 28
1580396920331 0.9859883785247803 29
1580396920734 1.4165928363800049 0
1580396920783 175.45559692382812 1
1580396920837 373.5125427246094 2
1580396920890 130.4720916748047 3
1580396920944 27.584617614746094 4
1580396920997 12.028036117553711 5
1580396921050 3.71352219581604 6
1580396921105 0.790867269039154 7
1580396921158 1.1479917764663696 8
1580396921213 1.3805053234100342 9
1580396921267 0.6354163289070129 10
1580396921320 0.6005051732063293 11
1580396921374 0.8875996470451355 12
1580396921428 0.5448017120361328 13
1580396921482 0.808031439781189 14
1580396921537 0.5186538100242615 15
1580396921591 0.3228570520877838 16
1580396921645 0.5941321849822998 17
1580396921699 0.3308275043964386 18
1580396921754 0.684752345085144 19
1580396921808 1.0795516967773438 20
1580396921863 1.2424813508987427 21
1580396921917 0.42104190587997437 22
1580396921971 0.9583982825279236 23
1580396922026 1.002305507659912 24
1580396922081 0.9687535762786865 25
1580396922136 0.7651287317276001 26
1580396922190 0.9703881740570068 27
1580396922245 0.6910626292228699 28
1580396922299 0.9360907673835754 29
1580396922686 1.4081374406814575 0
1580396922736 1.3709454536437988 1
1580396922791 1.381898045539856 2
1580396922847 1.5243415832519531 3
1580396922902 1.3790138959884644 4
1580396922958 1.206613302230835 5
1580396923013 1.1692029237747192 6
1580396923068 1.3693861961364746 7
1580396923124 1.2211978435516357 8
1580396923180 1.2058849334716797 9
1580396923237 0.9790356159210205 10
1580396923293 1.179133415222168 11
1580396923349 1.1299312114715576 12
1580396923406 1.0635098218917847 13
1580396923462 1.5887501239776611 14
1580396923519 1.1720777750015259 15
1580396923576 1.0514767169952393 16
1580396923633 0.7539021968841553 17
1580396923690 0.8813294768333435 18
1580396923746 0.9299027323722839 19
1580396923803 0.8576739430427551 20
1580396923859 0.6535300016403198 21
1580396923915 0.4640074372291565 22
1580396923972 0.817387044429779 23
1580396924028 0.6017416715621948 24
1580396924085 0.5670673251152039 25
1580396924141 0.5549048185348511 26
1580396924198 0.3720087707042694 27
1580396924255 0.3729113042354584 28
1580396924311 0.29945307970046997 29
1580396924701 1.383818507194519 0
1580396924758 1.4137229919433594 1
1580396924815 1.3618049621582031 2
1580396924872 1.4306436777114868 3
1580396924929 1.341538667678833 4
1580396924986 1.320809006690979 5
1580396925043 1.3114491701126099 6
1580396925100 1.221932291984558 7
1580396925157 1.0656238794326782 8
1580396925215 0.9471949338912964 9
1580396925271 1.5510884523391724 10
1580396925328 1.3008081912994385 11
1580396925385 1.2179076671600342 12
1580396925442 1.0001882314682007 13
1580396925500 1.0417721271514893 14
1580396925557 0.8567546606063843 15
1580396925614 0.973085343837738 16
1580396925671 1.0808559656143188 17
1580396925728 0.8669631481170654 18
1580396925786 0.5743808150291443 19
1580396925843 1.037152647972107 20
1580396925900 0.6703593730926514 21
1580396925958 0.6605768203735352 22
1580396926016 0.9589962363243103 23
1580396926073 0.6378197073936462 24
1580396926130 0.6194159984588623 25
1580396926189 0.5008801221847534 26
1580396926246 0.783676266670227 27
1580396926304 0.7208422422409058 28
1580396926362 0.8338708281517029 29
1580396926748 1.404146432876587 0
1580396926801 1.3333733081817627 1
1580396926859 1.4048335552215576 2
1580396926917 1.3661513328552246 3
1580396926975 1.538284182548523 4
1580396927033 1.3223201036453247 5
1580396927090 1.2718747854232788 6
1580396927147 1.151894450187683 7
1580396927205 1.1281403303146362 8
1580396927263 1.1890220642089844 9
1580396927321 1.2318501472473145 10
1580396927379 1.3009752035140991 11
1580396927439 0.9656787514686584 12
1580396927497 0.9303492307662964 13
1580396927556 0.9857937693595886 14
1580396927613 0.8045269846916199 15
1580396927672 1.192189335823059 16
1580396927730 0.9606233835220337 17
1580396927788 1.3149091005325317 18
1580396927846 0.970172643661499 19
1580396927904 0.6607182025909424 20
1580396927962 0.7019692659378052 21
1580396928020 0.7403036952018738 22
1580396928077 0.9710391163825989 23
1580396928135 1.088107943534851 24
1580396928193 0.8413706421852112 25
1580396928251 0.9670597314834595 26
1580396928309 1.3473283052444458 27
1580396928367 0.9122533202171326 28
1580396928426 0.7380993962287903 29
1580396928813 1.4223994016647339 0
1580396928867 1.3513004779815674 1
1580396928926 1.2846521139144897 2
1580396928986 1.3077716827392578 3
1580396929046 1.3161849975585938 4
1580396929104 1.2598131895065308 5
1580396929164 1.099095106124878 6
1580396929223 1.0939674377441406 7
1580396929283 1.155245304107666 8
1580396929343 1.0091946125030518 9
1580396929404 0.9725155234336853 10
1580396929464 1.0439705848693848 11
1580396929524 0.895355761051178 12
1580396929583 0.8170447945594788 13
1580396929641 0.5476582050323486 14
1580396929701 0.9262061715126038 15
1580396929760 1.0349551439285278 16
1580396929821 0.5943236947059631 17
1580396929882 0.6922949552536011 18
1580396929942 0.5518794655799866 19
1580396930003 0.572682797908783 20
1580396930063 0.8066112995147705 21
1580396930123 0.6040782928466797 22
1580396930184 0.5861853957176208 23
1580396930244 0.6143856644630432 24
1580396930303 0.4254809021949768 25
1580396930364 0.42427319288253784 26
1580396930424 0.5257382988929749 27
1580396930484 0.2878166735172272 28
1580396930545 0.6207948923110962 29
1580396930943 1.3611483573913574 0
1580396930999 1.408793568611145 1
1580396931062 1.3617573976516724 2
1580396931124 1.3290156126022339 3
1580396931186 1.2692980766296387 4
1580396931249 1.0968682765960693 5
1580396931310 1.1627305746078491 6
1580396931371 1.180282473564148 7
1580396931433 1.745033860206604 8
1580396931495 1.9752538204193115 9
1580396931556 1.6558676958084106 10
1580396931618 1.3500932455062866 11
1580396931680 1.3126251697540283 12
1580396931743 1.28294837474823 13
1580396931805 1.2407176494598389 14
1580396931868 1.0651391744613647 15
1580396931930 1.0343350172042847 16
1580396931992 1.4865864515304565 17
1580396932054 1.0511924028396606 18
1580396932116 0.9732035398483276 19
1580396932178 1.0426961183547974 20
1580396932241 0.9317675232887268 21
1580396932304 1.0777840614318848 22
1580396932365 1.1783055067062378 23
1580396932427 1.1131058931350708 24
1580396932490 0.7691256999969482 25
1580396932552 0.9398492574691772 26
1580396932614 0.8848410248756409 27
1580396932676 1.0604366064071655 28
1580396932738 0.8405431509017944 29
1580396933133 1.313718318939209 0
1580396933191 1.3235160112380981 1
1580396933253 1.332275629043579 2
1580396933316 1.2228184938430786 3
1580396933378 1.3969675302505493 4
1580396933441 1.462045431137085 5
1580396933502 1.3859570026397705 6
1580396933565 1.2398637533187866 7
1580396933627 1.1789319515228271 8
1580396933690 1.171849012374878 9
1580396933752 1.0220175981521606 10
1580396933815 1.1590023040771484 11
1580396933877 0.818490743637085 12
1580396933940 0.9327631592750549 13
1580396934002 0.8235579133033752 14
1580396934066 0.694857656955719 15
1580396934129 0.567466676235199 16
1580396934192 0.6242996454238892 17
1580396934254 0.4952605962753296 18
1580396934317 0.9792100191116333 19
1580396934380 0.5612760782241821 20
1580396934444 0.4873098134994507 21
1580396934507 0.9339091181755066 22
1580396934571 0.5259328484535217 23
1580396934634 0.9742340445518494 24
1580396934697 0.6622839570045471 25
1580396934760 0.7665075063705444 26
1580396934823 0.47664910554885864 27
1580396934886 0.5795724391937256 28
1580396934948 0.2833012342453003 29
1580396935518 1.399147868156433 0
1580396935576 7.879626750946045 1
1580396935640 19.779207229614258 2
1580396935703 2.1682753562927246 3
1580396935767 2.6992712020874023 4
1580396935831 3.311523914337158 5
1580396935895 1.3176032304763794 6
1580396935958 0.895828902721405 7
1580396936022 0.9878265857696533 8
1580396936086 0.89773029088974 9
1580396936150 0.7581021189689636 10
1580396936214 0.6595106720924377 11
1580396936278 0.5835751295089722 12
1580396936341 0.7374092936515808 13
1580396936405 0.8793385624885559 14
1580396936469 0.6803985238075256 15
1580396936533 0.5466347336769104 16
1580396936598 0.47746676206588745 17
1580396936662 0.7925587892532349 18
1580396936727 1.2331591844558716 19
1580396936791 1.6266310214996338 20
1580396936858 1.0922836065292358 21
1580396936922 0.9582391977310181 22
1580396936987 0.7961171865463257 23
1580396937052 0.5321789383888245 24
1580396937116 0.47723373770713806 25
1580396937181 0.7633345127105713 26
1580396937246 0.38658589124679565 27
1580396937311 0.6019757390022278 28
1580396937375 0.2796899974346161 29
1580396937817 1.383168339729309 0
1580396937878 171.04908752441406 1
1580396937944 317.9481201171875 2
1580396938011 115.63656616210938 3
1580396938077 98.79159545898438 4
1580396938142 68.95177459716797 5
1580396938208 59.99468994140625 6
1580396938274 7.22613000869751 7
1580396938340 6.401240348815918 8
1580396938407 4.869540214538574 9
1580396938474 2.5539562702178955 10
1580396938540 1.504978060722351 11
1580396938608 0.9683865904808044 12
1580396938676 0.9598891735076904 13
1580396938743 0.36157888174057007 14
1580396938811 0.4759519696235657 15
1580396938878 0.9981254935264587 16
1580396938945 0.7434982657432556 17
1580396939012 0.6203702688217163 18
1580396939079 1.0455600023269653 19
1580396939146 0.567084550857544 20
1580396939212 0.6812865138053894 21
1580396939279 0.7851083278656006 22
1580396939346 0.3544461131095886 23
1580396939413 0.3345627784729004 24
1580396939481 1.4825413227081299 25
1580396939548 0.6794114708900452 26
1580396939615 0.7030146718025208 27
1580396939682 0.5608722567558289 28
1580396939750 0.9113092422485352 29
1580396940171 1.3563859462738037 0
1580396940236 1.3878766298294067 1
1580396940304 1.278436541557312 2
1580396940371 1.2571091651916504 3
1580396940438 1.221423864364624 4
1580396940505 1.1652376651763916 5
1580396940572 1.4501618146896362 6
1580396940640 1.4642506837844849 7
1580396940707 1.1507998704910278 8
1580396940774 1.0835684537887573 9
1580396940841 1.0890257358551025 10
1580396940909 0.9668517708778381 11
1580396940976 1.0840754508972168 12
1580396941043 0.8132919669151306 13
1580396941110 0.8466866612434387 14
1580396941178 0.7390217185020447 15
1580396941244 0.8985112905502319 16
1580396941311 0.7418098449707031 17
1580396941378 0.6355968117713928 18
1580396941446 0.6048632264137268 19
1580396941513 0.7929836511611938 20
1580396941581 0.5346345901489258 21
1580396941648 0.7312033772468567 22
1580396941716 0.5816327333450317 23
1580396941784 0.47273939847946167 24
1580396941851 0.6646350026130676 25
1580396941919 0.47395017743110657 26
1580396941986 0.23759688436985016 27
1580396942055 0.6943008899688721 28
1580396942122 0.4078838527202606 29
1580396942528 1.4154853820800781 0
1580396942591 1.374864101409912 1
1580396942660 1.3627222776412964 2
1580396942728 1.4372247457504272 3
1580396942795 1.3012877702713013 4
1580396942863 1.275498867034912 5
1580396942932 1.2365593910217285 6
1580396943001 1.1645934581756592 7
1580396943070 1.250521183013916 8
1580396943138 1.1304633617401123 9
1580396943206 1.0994683504104614 10
1580396943276 1.0089579820632935 11
1580396943345 1.0695064067840576 12
1580396943414 0.8366051912307739 13
1580396943483 0.9309406280517578 14
1580396943552 0.8952980637550354 15
1580396943622 0.7603306174278259 16
1580396943692 0.7894635796546936 17
1580396943762 0.6756654977798462 18
1580396943832 0.7936277985572815 19
1580396943900 0.5159460306167603 20
1580396943970 0.406209260225296 21
1580396944039 0.5746932029724121 22
1580396944109 0.6273292899131775 23
1580396944178 0.8787378668785095 24
1580396944248 0.5139283537864685 25
1580396944318 0.6444686651229858 26
1580396944388 0.5723299384117126 27
1580396944459 0.49673283100128174 28
1580396944529 0.3682698607444763 29
1580396944939 1.3556214570999146 0
1580396945004 1.3545100688934326 1
1580396945074 1.3280161619186401 2
1580396945144 1.3415461778640747 3
1580396945213 1.2131140232086182 4
1580396945284 1.2885736227035522 5
1580396945354 1.2980258464813232 6
1580396945424 1.2392431497573853 7
1580396945494 0.9798233509063721 8
1580396945564 1.229587435722351 9
1580396945634 0.8539591431617737 10
1580396945705 0.825973629951477 11
1580396945775 0.8008323907852173 12
1580396945846 0.8764111399650574 13
1580396945916 0.7638369202613831 14
1580396945987 1.2152568101882935 15
1580396946058 1.031939148902893 16
1580396946129 0.7316169738769531 17
1580396946200 1.0456422567367554 18
1580396946270 0.763381838798523 19
1580396946342 0.8356857299804688 20
1580396946413 0.8622000813484192 21
1580396946484 0.38122960925102234 22
1580396946554 0.8362560272216797 23
1580396946626 0.5090440511703491 24
1580396946696 1.0924434661865234 25
1580396946767 0.6245130300521851 26
1580396946838 0.7564166188240051 27
1580396946909 0.3588476777076721 28
1580396946980 0.5986095666885376 29
1580396947534 1.3739590644836426 0
1580396947601 481.3648986816406 1
1580396947672 743.1539916992188 2
1580396947744 189.01165771484375 3
1580396947816 100.83203125 4
1580396947887 102.79590606689453 5
1580396947959 33.555809020996094 6
1580396948031 26.276060104370117 7
