1580398661930 0.3846154 0
1580398661982 0.30769232 1
1580398662037 0.23076923 2
1580398662092 0.3846154 3
1580398662148 0.3846154 4
1580398662204 0.23076923 5
1580398662261 0.30769232 6
1580398662318 0.30769232 7
1580398662404 0.53846157 8
1580398662486 0.53846157 9
1580398662566 0.53846157 10
1580398662646 0.3846154 11
1580398662727 0.53846157 12
1580398662809 0.61538464 13
1580398662891 0.3846154 14
1580398662973 0.46153846 15
1580398663054 0.61538464 16
1580398663136 0.46153846 17
1580398663217 0.53846157 18
1580398663299 0.53846157 19
1580398663382 0.61538464 20
1580398663464 0.6923077 21
1580398663547 0.61538464 22
1580398663628 0.6923077 23
1580398663710 0.61538464 24
1580398663792 0.61538464 25
1580398663874 0.3846154 26
1580398663956 0.61538464 27
1580398664039 0.61538464 28
1580398664122 0.53846157 29
