1580398661930 1.3715994358062744 0
1580398661982 69.54867553710938 1
1580398662037 157.256591796875 2
1580398662092 83.89685821533203 3
1580398662148 30.804298400878906 4
1580398662204 10.692341804504395 5
1580398662261 3.0733425617218018 6
1580398662318 1.4734324216842651 7
1580398662404 0.7279655933380127 8
1580398662486 0.9341661930084229 9
1580398662566 0.9650588631629944 10
1580398662646 1.1710515022277832 11
1580398662727 0.9838647246360779 12
1580398662809 0.8274068832397461 13
1580398662891 1.1556272506713867 14
1580398662973 1.054357647895813 15
1580398663054 0.8025203347206116 16
1580398663136 1.0855857133865356 17
1580398663217 0.7724936604499817 18
1580398663299 0.9112748503684998 19
1580398663382 0.7285630106925964 20
1580398663464 0.5940982103347778 21
1580398663547 0.72062748670578 22
1580398663628 0.584876298904419 23
1580398663710 0.821293294429779 24
1580398663792 0.7153803706169128 25
1580398663874 1.3976047039031982 26
1580398663956 0.7877598404884338 27
1580398664039 0.7950940728187561 28
1580398664122 0.9475035071372986 29
