1580457133822 0.30769232 0
1580457133883 0.23076923 1
1580457133949 0.23076923 2
1580457134015 0.46153846 3
1580457134080 0.3846154 4
1580457134147 0.3846154 5
1580457134213 0.23076923 6
1580457134314 0.30769232 7
1580457134412 0.53846157 8
1580457134510 0.53846157 9
1580457134608 0.53846157 10
1580457134706 0.46153846 11
1580457134804 0.7692308 12
1580457134902 0.53846157 13
1580457135001 0.46153846 14
1580457135099 0.53846157 15
1580457135197 0.53846157 16
1580457135295 0.46153846 17
1580457135394 0.6923077 18
1580457135493 0.6923077 19
1580457135592 0.7692308 20
1580457135691 0.6923077 21
1580457135789 0.84615386 22
1580457135888 0.7692308 23
1580457135988 0.7692308 24
1580457136087 0.9230769 25
1580457136186 0.84615386 26
1580457136286 0.84615386 27
1580457136385 0.84615386 28
1580457136485 0.84615386 29
