1580457133822 1.3932304382324219 0
1580457133883 1.4298850297927856 1
1580457133949 1.3675429821014404 2
1580457134015 1.3673852682113647 3
1580457134080 1.3180453777313232 4
1580457134147 1.3404535055160522 5
1580457134213 1.3579745292663574 6
1580457134314 1.223538875579834 7
1580457134412 1.207671046257019 8
1580457134510 1.1934576034545898 9
1580457134608 1.1144505739212036 10
1580457134706 1.0888314247131348 11
1580457134804 0.9610265493392944 12
1580457134902 0.9818251729011536 13
1580457135001 1.3395277261734009 14
1580457135099 1.012891411781311 15
1580457135197 1.0517175197601318 16
1580457135295 1.0646674633026123 17
1580457135394 0.8780854344367981 18
1580457135493 0.8724705576896667 19
1580457135592 0.8620316386222839 20
1580457135691 0.7113538384437561 21
1580457135789 0.6513650417327881 22
1580457135888 0.6627031564712524 23
1580457135988 0.7006517648696899 24
1580457136087 0.6062331199645996 25
1580457136186 0.5314725637435913 26
1580457136286 0.3808516263961792 27
1580457136385 0.38982266187667847 28
1580457136485 0.3173087537288666 29
