1580398925972 0.23076923 0
1580398926029 0.23076923 1
1580398926089 0.23076923 2
1580398926148 0.53846157 3
1580398926209 0.30769232 4
1580398926268 0.53846157 5
1580398926326 0.3846154 6
1580398926386 0.6923077 7
1580398926445 0.30769232 8
1580398926505 0.46153846 9
1580398926565 0.46153846 10
1580398926624 0.61538464 11
1580398926684 0.46153846 12
1580398926746 0.53846157 13
1580398926808 0.53846157 14
1580398926873 0.3846154 15
1580398926968 0.3846154 16
1580398927058 0.46153846 17
1580398927149 0.84615386 18
1580398927241 0.53846157 19
1580398927332 0.53846157 20
1580398927423 0.61538464 21
1580398927515 0.61538464 22
1580398927606 0.7692308 23
1580398927698 0.53846157 24
1580398927790 0.6923077 25
1580398927883 0.61538464 26
1580398927976 0.6923077 27
1580398928068 0.9230769 28
1580398928160 0.6923077 29
