1580398925972 1.4208673238754272 0
1580398926029 1.4020963907241821 1
1580398926089 1.379706621170044 2
1580398926148 1.338135004043579 3
1580398926209 1.3324127197265625 4
1580398926268 1.3292567729949951 5
1580398926326 1.3224060535430908 6
1580398926386 1.2457267045974731 7
1580398926445 1.3079196214675903 8
1580398926505 1.277671217918396 9
1580398926565 1.1238738298416138 10
1580398926624 1.0586421489715576 11
1580398926684 1.069197416305542 12
1580398926746 1.0157948732376099 13
1580398926808 1.0595357418060303 14
1580398926873 0.9868447184562683 15
1580398926968 1.0889918804168701 16
1580398927058 0.9746112823486328 17
1580398927149 0.7892091274261475 18
1580398927241 0.7621784210205078 19
1580398927332 0.850616455078125 20
1580398927423 0.863632082939148 21
1580398927515 0.6987543702125549 22
1580398927606 0.59256511926651 23
1580398927698 0.687278151512146 24
1580398927790 0.57410728931427 25
1580398927883 0.6504652500152588 26
1580398927976 0.6852959990501404 27
1580398928068 0.6070868372917175 28
1580398928160 0.6918640732765198 29
