1580398480951 0.07692308 0
1580398481000 0.30769232 1
1580398481048 0.23076923 2
1580398481096 0.30769232 3
1580398481145 0.61538464 4
1580398481197 0.61538464 5
1580398481248 0.3846154 6
1580398481297 0.53846157 7
1580398481345 0.46153846 8
1580398481395 0.3846154 9
1580398481445 0.6923077 10
1580398481495 0.30769232 11
1580398481544 0.61538464 12
1580398481593 0.7692308 13
1580398481642 0.7692308 14
1580398481691 0.84615386 15
1580398481740 0.7692308 16
1580398481790 0.9230769 17
1580398481840 0.7692308 18
1580398481889 0.9230769 19
1580398481939 0.9230769 20
1580398481988 0.61538464 21
1580398482038 0.6923077 22
1580398482088 0.7692308 23
1580398482137 0.7692308 24
1580398482187 0.7692308 25
1580398482237 0.7692308 26
1580398482287 0.7692308 27
1580398482339 0.84615386 28
1580398482389 0.84615386 29
