1580398480951 1.5326253175735474 0
1580398481000 1.3494365215301514 1
1580398481048 1.3885172605514526 2
1580398481096 1.3658877611160278 3
1580398481145 1.2441761493682861 4
1580398481197 1.202392578125 5
1580398481248 1.222329020500183 6
1580398481297 1.1648584604263306 7
1580398481345 1.0580319166183472 8
1580398481395 1.18031644821167 9
1580398481445 1.0258097648620605 10
1580398481495 1.1826103925704956 11
1580398481544 0.9520668387413025 12
1580398481593 0.823827862739563 13
1580398481642 0.7501401305198669 14
1580398481691 0.6562697887420654 15
1580398481740 0.6382279992103577 16
1580398481790 0.42074358463287354 17
1580398481840 0.5997003316879272 18
1580398481889 0.39017173647880554 19
1580398481939 0.38545387983322144 20
1580398481988 0.9659415483474731 21
1580398482038 0.8825547695159912 22
1580398482088 0.580119788646698 23
1580398482137 0.4724194407463074 24
1580398482187 0.43210452795028687 25
1580398482237 0.48787644505500793 26
1580398482287 0.4058990478515625 27
1580398482339 0.3908877372741699 28
1580398482389 0.41802123188972473 29
