1580398651810 0.46153846 0
1580398651859 0.53846157 1
1580398651913 0.46153846 2
1580398651967 0.46153846 3
1580398652022 0.15384616 4
1580398652075 0.3846154 5
1580398652130 0.46153846 6
1580398652183 0.46153846 7
1580398652237 0.3846154 8
1580398652290 0.3846154 9
1580398652345 0.46153846 10
1580398652399 0.61538464 11
1580398652453 0.61538464 12
1580398652507 0.6923077 13
1580398652563 0.6923077 14
1580398652617 0.61538464 15
1580398652673 0.61538464 16
1580398652727 0.7692308 17
1580398652782 1.0 18
1580398652837 0.53846157 19
1580398652890 0.9230769 20
1580398652944 0.61538464 21
1580398652999 0.53846157 22
1580398653054 0.53846157 23
1580398653108 0.84615386 24
1580398653162 0.7692308 25
1580398653217 0.6923077 26
1580398653272 0.7692308 27
1580398653327 0.7692308 28
1580398653381 0.6923077 29
