1580398651810 1.3409672975540161 0
1580398651859 1.3269888162612915 1
1580398651913 1.355574131011963 2
1580398651967 1.2959587574005127 3
1580398652022 1.442022442817688 4
1580398652075 1.3479087352752686 5
1580398652130 1.204740285873413 6
1580398652183 1.2133309841156006 7
1580398652237 1.1487524509429932 8
1580398652290 1.2665435075759888 9
1580398652345 1.0699061155319214 10
1580398652399 1.0415091514587402 11
1580398652453 0.9758323431015015 12
1580398652507 0.8531566262245178 13
1580398652563 0.8542401790618896 14
1580398652617 0.8998873829841614 15
1580398652673 0.8241393566131592 16
1580398652727 0.7800548076629639 17
1580398652782 0.5345973968505859 18
1580398652837 0.7358669638633728 19
1580398652890 0.4352521300315857 20
1580398652944 0.7882689237594604 21
1580398652999 0.802732527256012 22
1580398653054 0.8456529974937439 23
1580398653108 0.4677296280860901 24
1580398653162 0.5800365209579468 25
1580398653217 0.6914634108543396 26
1580398653272 0.5432223677635193 27
1580398653327 0.5090526342391968 28
1580398653381 0.5311948657035828 29
