1580398696537 0.30769232 0
1580398696586 0.3846154 1
1580398696641 0.15384616 2
1580398696695 0.46153846 3
1580398696750 0.30769232 4
1580398696805 0.15384616 5
1580398696861 0.15384616 6
1580398696916 0.15384616 7
1580398696971 0.3846154 8
1580398697026 0.23076923 9
1580398697081 0.0 10
1580398697136 0.15384616 11
1580398697191 0.15384616 12
1580398697246 0.46153846 13
1580398697302 0.23076923 14
1580398697356 0.53846157 15
1580398697413 0.23076923 16
1580398697470 0.15384616 17
1580398697525 0.30769232 18
1580398697582 0.3846154 19
1580398697637 0.15384616 20
1580398697692 0.30769232 21
1580398697749 0.23076923 22
1580398697806 0.23076923 23
1580398697862 0.23076923 24
1580398697917 0.23076923 25
1580398697973 0.3846154 26
1580398698028 0.46153846 27
1580398698084 0.07692308 28
1580398698142 0.23076923 29
