1580398696537 1.3937270641326904 0
1580398696586 1.4214636087417603 1
1580398696641 1.4234092235565186 2
1580398696695 1.3724627494812012 3
1580398696750 1.412774920463562 4
1580398696805 1.4375872611999512 5
1580398696861 1.4066035747528076 6
1580398696916 1.4285902976989746 7
1580398696971 1.3884867429733276 8
1580398697026 1.3972017765045166 9
1580398697081 1.4444814920425415 10
1580398697136 1.440191388130188 11
1580398697191 1.4053955078125 12
1580398697246 1.3711357116699219 13
1580398697302 1.4040629863739014 14
1580398697356 1.3800381422042847 15
1580398697413 1.3743211030960083 16
1580398697470 1.39976966381073 17
1580398697525 1.3948438167572021 18
1580398697582 1.382013201713562 19
1580398697637 1.4101649522781372 20
1580398697692 1.3649643659591675 21
1580398697749 1.3761547803878784 22
1580398697806 1.3814289569854736 23
1580398697862 1.408543348312378 24
1580398697917 1.3909770250320435 25
1580398697973 1.3854109048843384 26
1580398698028 1.3967119455337524 27
1580398698084 1.3937169313430786 28
1580398698142 1.4334410429000854 29
