1580457009613 0.15384616 0
1580457009674 0.30769232 1
1580457009737 0.23076923 2
1580457009800 0.3846154 3
1580457009865 0.30769232 4
1580457009929 0.3846154 5
1580457009994 0.46153846 6
1580457010058 0.53846157 7
1580457010121 0.61538464 8
1580457010185 0.3846154 9
1580457010249 0.46153846 10
1580457010313 0.53846157 11
1580457010377 0.53846157 12
1580457010441 0.53846157 13
1580457010502 0.61538464 14
1580457010566 0.3846154 15
1580457010630 0.61538464 16
1580457010693 0.7692308 17
1580457010755 0.3846154 18
1580457010820 0.6923077 19
1580457010884 0.6923077 20
1580457010946 0.7692308 21
1580457011011 0.84615386 22
1580457011109 0.61538464 23
1580457011203 0.61538464 24
1580457011297 0.6923077 25
1580457011392 0.7692308 26
1580457011488 0.6923077 27
1580457011583 0.9230769 28
1580457011679 0.84615386 29
