1580457009613 1.3729432821273804 0
1580457009674 1.375630497932434 1
1580457009737 1.3833588361740112 2
1580457009800 1.3649890422821045 3
1580457009865 1.3161089420318604 4
1580457009929 1.4059199094772339 5
1580457009994 1.3445217609405518 6
1580457010058 1.2922497987747192 7
1580457010121 1.1626312732696533 8
1580457010185 1.2656748294830322 9
1580457010249 1.1409209966659546 10
1580457010313 1.1389744281768799 11
1580457010377 1.1507750749588013 12
1580457010441 0.932430624961853 13
1580457010502 0.9529256820678711 14
1580457010566 0.9450350999832153 15
1580457010630 0.8324623107910156 16
1580457010693 0.7240578532218933 17
1580457010755 1.1491544246673584 18
1580457010820 0.7213291525840759 19
1580457010884 0.6015647649765015 20
1580457010946 0.532848596572876 21
1580457011011 0.632312536239624 22
1580457011109 0.8485122323036194 23
1580457011203 0.8040094375610352 24
1580457011297 0.538731575012207 25
1580457011392 0.5653219819068909 26
1580457011488 0.6963374018669128 27
1580457011583 0.41853010654449463 28
1580457011679 0.5349078178405762 29
