1580398908225 0.46153846 0
1580398908279 0.3846154 1
1580398908338 0.46153846 2
1580398908398 0.30769232 3
1580398908457 0.46153846 4
1580398908516 0.15384616 5
1580398908576 0.23076923 6
1580398908637 0.53846157 7
1580398908696 0.6923077 8
1580398908755 0.3846154 9
1580398908814 0.46153846 10
1580398908873 0.84615386 11
1580398908938 0.7692308 12
1580398908997 0.46153846 13
1580398909056 0.7692308 14
1580398909118 0.61538464 15
1580398909178 0.9230769 16
1580398909237 0.6923077 17
1580398909297 0.53846157 18
1580398909356 0.7692308 19
1580398909416 0.61538464 20
1580398909479 0.61538464 21
1580398909573 0.9230769 22
1580398909665 0.7692308 23
1580398909756 0.7692308 24
1580398909847 0.9230769 25
1580398909938 0.84615386 26
1580398910030 1.0 27
1580398910122 0.7692308 28
1580398910213 0.84615386 29
