1580398908225 1.345047116279602 0
1580398908279 1.3360023498535156 1
1580398908338 1.2101229429244995 2
1580398908398 1.40125572681427 3
1580398908457 1.3319013118743896 4
1580398908516 1.463270902633667 5
1580398908576 1.2198913097381592 6
1580398908637 1.1508762836456299 7
1580398908696 1.0707244873046875 8
1580398908755 1.1750115156173706 9
1580398908814 1.2045451402664185 10
1580398908873 0.8075619339942932 11
1580398908938 0.8335438966751099 12
1580398908997 1.0081876516342163 13
1580398909056 0.6566604375839233 14
1580398909118 0.7253047227859497 15
1580398909178 0.3329809606075287 16
1580398909237 0.9266486763954163 17
1580398909297 0.7888815402984619 18
1580398909356 0.6165711283683777 19
1580398909416 0.7256923913955688 20
1580398909479 0.6975034475326538 21
1580398909573 0.49649518728256226 22
1580398909665 0.6233290433883667 23
1580398909756 0.41503459215164185 24
1580398909847 0.35283997654914856 25
1580398909938 0.5361140370368958 26
1580398910030 0.2046179473400116 27
1580398910122 0.5514841675758362 28
1580398910213 0.5094265937805176 29
