1580456911120 0.46153846 0
1580456911179 0.30769232 1
1580456911240 0.3846154 2
1580456911301 0.15384616 3
1580456911363 0.46153846 4
1580456911422 0.61538464 5
1580456911484 0.3846154 6
1580456911544 0.53846157 7
1580456911606 0.7692308 8
1580456911668 0.84615386 9
1580456911731 0.7692308 10
1580456911794 0.53846157 11
1580456911857 0.6923077 12
1580456911920 0.61538464 13
1580456911982 0.61538464 14
1580456912045 0.53846157 15
1580456912107 0.61538464 16
1580456912172 0.61538464 17
1580456912235 0.7692308 18
1580456912298 0.7692308 19
1580456912363 0.61538464 20
1580456912426 0.61538464 21
1580456912489 0.84615386 22
1580456912552 0.61538464 23
1580456912615 0.7692308 24
1580456912677 0.9230769 25
1580456912740 0.6923077 26
1580456912802 0.6923077 27
1580456912864 0.53846157 28
1580456912927 0.6923077 29
