1580456911120 1.3447682857513428 0
1580456911179 383.51116943359375 1
1580456911240 688.147216796875 2
1580456911301 218.26760864257812 3
1580456911363 195.58804321289062 4
1580456911422 55.86581039428711 5
1580456911484 12.521571159362793 6
1580456911544 25.32628059387207 7
1580456911606 8.021530151367188 8
1580456911668 4.438605785369873 9
1580456911731 2.47471284866333 10
1580456911794 3.5739035606384277 11
1580456911857 5.014554500579834 12
1580456911920 2.0063154697418213 13
1580456911982 1.6407793760299683 14
1580456912045 1.1177607774734497 15
1580456912107 1.0776926279067993 16
1580456912172 1.4490898847579956 17
1580456912235 0.6489565968513489 18
1580456912298 0.46658679842948914 19
1580456912363 0.9051645994186401 20
1580456912426 0.6454099416732788 21
1580456912489 0.4005908966064453 22
1580456912552 1.1159782409667969 23
1580456912615 0.377365380525589 24
1580456912677 0.2569275498390198 25
1580456912740 0.7653952240943909 26
1580456912802 0.4797881543636322 27
1580456912864 1.2995142936706543 28
1580456912927 0.5291892290115356 29
