1580456946475 0.3846154 0
1580456946564 0.15384616 1
1580456946654 0.23076923 2
1580456946744 0.46153846 3
1580456946835 0.46153846 4
1580456946925 0.61538464 5
1580456947016 0.3846154 6
1580456947108 0.61538464 7
1580456947199 0.7692308 8
1580456947293 0.61538464 9
1580456947384 0.84615386 10
1580456947475 1.0 11
1580456947566 0.9230769 12
1580456947658 0.6923077 13
1580456947751 0.7692308 14
1580456947843 0.7692308 15
1580456947936 0.6923077 16
1580456948028 0.7692308 17
1580456948120 1.0 18
1580456948212 0.9230769 19
1580456948305 0.7692308 20
1580456948397 0.7692308 21
1580456948490 0.7692308 22
1580456948585 0.9230769 23
1580456948682 0.84615386 24
1580456948775 0.9230769 25
1580456948869 0.6923077 26
1580456948962 0.6923077 27
1580456949056 1.0 28
1580456949149 0.84615386 29
