1580456946475 1.3739590644836426 0
1580456946564 8.057838439941406 1
1580456946654 9.365769386291504 2
1580456946744 1.979370355606079 3
1580456946835 1.570422649383545 4
1580456946925 1.3793963193893433 5
1580456947016 1.1915898323059082 6
1580456947108 0.6811952590942383 7
1580456947199 0.7053645253181458 8
1580456947293 0.6737606525421143 9
1580456947384 0.42035114765167236 10
1580456947475 0.34957414865493774 11
1580456947566 0.4322246313095093 12
1580456947658 0.8056328296661377 13
1580456947751 0.6408631205558777 14
1580456947843 0.5915626287460327 15
1580456947936 0.7822903990745544 16
1580456948028 0.5507627129554749 17
1580456948120 0.17968958616256714 18
1580456948212 0.29993435740470886 19
1580456948305 0.5147107243537903 20
1580456948397 0.6849792003631592 21
1580456948490 0.3722262382507324 22
1580456948585 0.36142444610595703 23
1580456948682 0.4328743815422058 24
1580456948775 0.2735403776168823 25
1580456948869 0.5610440969467163 26
1580456948962 0.6532980799674988 27
1580456949056 0.28564363718032837 28
1580456949149 0.3940688967704773 29
