1580398772803 0.3846154 0
1580398772854 0.3846154 1
1580398772911 0.23076923 2
1580398772969 0.15384616 3
1580398773025 0.30769232 4
1580398773081 0.30769232 5
1580398773139 0.3846154 6
1580398773228 0.53846157 7
1580398773313 0.46153846 8
1580398773399 0.53846157 9
1580398773490 0.53846157 10
1580398773576 0.53846157 11
1580398773661 0.46153846 12
1580398773746 0.3846154 13
1580398773830 0.53846157 14
1580398773914 0.53846157 15
1580398773998 0.6923077 16
1580398774082 0.7692308 17
1580398774167 0.6923077 18
1580398774251 0.7692308 19
1580398774336 0.53846157 20
1580398774421 0.61538464 21
1580398774505 0.61538464 22
1580398774592 0.7692308 23
1580398774678 0.6923077 24
1580398774763 0.61538464 25
1580398774849 0.84615386 26
1580398774934 0.9230769 27
1580398775020 0.6923077 28
1580398775105 0.9230769 29
