1580398772803 1.3864924907684326 0
1580398772854 1.3809820413589478 1
1580398772911 1.3706518411636353 2
1580398772969 1.4003630876541138 3
1580398773025 1.4010965824127197 4
1580398773081 1.3361650705337524 5
1580398773139 1.3731136322021484 6
1580398773228 1.3097437620162964 7
1580398773313 1.3074396848678589 8
1580398773399 1.2690621614456177 9
1580398773490 1.281238317489624 10
1580398773576 1.2238540649414062 11
1580398773661 1.2725895643234253 12
1580398773746 1.2050914764404297 13
1580398773830 1.1233811378479004 14
1580398773914 1.0848212242126465 15
1580398773998 1.0254220962524414 16
1580398774082 0.9148765206336975 17
1580398774167 0.8548048734664917 18
1580398774251 0.7537165284156799 19
1580398774336 0.9353424906730652 20
1580398774421 0.912375807762146 21
1580398774505 0.6875145435333252 22
1580398774592 0.7712342739105225 23
1580398774678 0.787053644657135 24
1580398774763 0.7314856648445129 25
1580398774849 0.4935438930988312 26
1580398774934 0.4617096185684204 27
1580398775020 0.6852166056632996 28
1580398775105 0.49960577487945557 29
