1580398718852 0.15384616 0
1580398718903 0.30769232 1
1580398718960 0.23076923 2
1580398719017 0.30769232 3
1580398719074 0.23076923 4
1580398719132 0.46153846 5
1580398719189 0.46153846 6
1580398719246 0.61538464 7
1580398719302 0.6923077 8
1580398719359 0.61538464 9
1580398719417 0.6923077 10
1580398719475 0.6923077 11
1580398719533 0.6923077 12
1580398719591 0.84615386 13
1580398719649 0.7692308 14
1580398719706 0.84615386 15
1580398719763 0.9230769 16
1580398719821 0.7692308 17
1580398719877 0.9230769 18
1580398719934 0.7692308 19
1580398719992 0.7692308 20
1580398720049 0.6923077 21
1580398720125 0.9230769 22
1580398720210 0.7692308 23
1580398720295 0.84615386 24
1580398720379 0.7692308 25
1580398720464 0.6923077 26
1580398720549 0.84615386 27
1580398720635 0.84615386 28
1580398720722 0.9230769 29
