1580398718852 1.354508638381958 0
1580398718903 40.83486557006836 1
1580398718960 58.85364532470703 2
1580398719017 15.547601699829102 3
1580398719074 10.053791999816895 4
1580398719132 6.79546594619751 5
1580398719189 4.2158589363098145 6
1580398719246 1.5937473773956299 7
1580398719302 0.49641168117523193 8
1580398719359 0.7642924189567566 9
1580398719417 0.5721853971481323 10
1580398719475 0.7856377959251404 11
1580398719533 0.8630533218383789 12
1580398719591 0.5681749582290649 13
1580398719649 0.561008095741272 14
1580398719706 0.441480427980423 15
1580398719763 0.3123789131641388 16
1580398719821 0.5235577821731567 17
1580398719877 0.26315876841545105 18
1580398719934 0.8063055872917175 19
1580398719992 0.5696426630020142 20
1580398720049 0.9825336933135986 21
1580398720125 0.3092012107372284 22
1580398720210 0.6408703923225403 23
1580398720295 0.42928439378738403 24
1580398720379 0.6986728310585022 25
1580398720464 0.8446682691574097 26
1580398720549 0.5365391969680786 27
1580398720635 0.4057057499885559 28
1580398720722 0.36515524983406067 29
