1580398939260 0.23076923 0
1580398939320 0.3846154 1
1580398939380 0.30769232 2
1580398939442 0.3846154 3
1580398939502 0.23076923 4
1580398939562 0.46153846 5
1580398939622 0.3846154 6
1580398939681 0.30769232 7
1580398939741 0.53846157 8
1580398939802 0.30769232 9
1580398939862 0.3846154 10
1580398939921 0.46153846 11
1580398939983 0.46153846 12
1580398940043 0.61538464 13
1580398940103 0.46153846 14
1580398940168 0.53846157 15
1580398940228 0.7692308 16
1580398940288 0.84615386 17
1580398940348 0.53846157 18
1580398940408 0.6923077 19
1580398940469 0.46153846 20
1580398940529 0.6923077 21
1580398940589 0.84615386 22
1580398940652 0.9230769 23
1580398940715 0.7692308 24
1580398940776 0.7692308 25
1580398940839 0.84615386 26
1580398940900 0.9230769 27
1580398940961 0.9230769 28
1580398941024 0.9230769 29
