1580398939260 1.411414623260498 0
1580398939320 1.3762755393981934 1
1580398939380 1.3508131504058838 2
1580398939442 1.334174633026123 3
1580398939502 1.4062660932540894 4
1580398939562 1.28567373752594 5
1580398939622 1.3409037590026855 6
1580398939681 1.302106261253357 7
1580398939741 1.1440154314041138 8
1580398939802 1.2699617147445679 9
1580398939862 1.1641614437103271 10
1580398939921 1.2556593418121338 11
1580398939983 1.116886019706726 12
1580398940043 1.0270586013793945 13
1580398940103 0.94052654504776 14
1580398940168 0.896508514881134 15
1580398940228 0.7862076163291931 16
1580398940288 0.6848069429397583 17
1580398940348 0.8243710398674011 18
1580398940408 0.8317490816116333 19
1580398940469 1.0049127340316772 20
1580398940529 0.6754390001296997 21
1580398940589 0.630940854549408 22
1580398940652 0.49499019980430603 23
1580398940715 0.6675367951393127 24
1580398940776 0.6813458800315857 25
1580398940839 0.547209620475769 26
1580398940900 0.4932825267314911 27
1580398940961 0.36748403310775757 28
1580398941024 0.3605589270591736 29
