1580398701531 0.3846154 0
1580398701580 0.3846154 1
1580398701634 0.30769232 2
1580398701688 0.3846154 3
1580398701743 0.46153846 4
1580398701798 0.46153846 5
1580398701852 0.61538464 6
1580398701907 0.3846154 7
1580398701962 0.46153846 8
1580398702016 0.7692308 9
1580398702071 0.53846157 10
1580398702126 0.61538464 11
1580398702182 0.30769232 12
1580398702240 0.53846157 13
1580398702296 0.7692308 14
1580398702352 0.84615386 15
1580398702407 0.6923077 16
1580398702462 0.53846157 17
1580398702519 0.6923077 18
1580398702577 0.84615386 19
1580398702633 0.61538464 20
1580398702691 0.84615386 21
1580398702748 0.84615386 22
1580398702804 0.7692308 23
1580398702859 0.6923077 24
1580398702914 0.6923077 25
1580398702970 0.7692308 26
1580398703025 0.7692308 27
1580398703080 0.6923077 28
1580398703136 0.7692308 29
