1580398701531 1.4379916191101074 0
1580398701580 1.3262062072753906 1
1580398701634 1.3555268049240112 2
1580398701688 1.3370678424835205 3
1580398701743 1.31939697265625 4
1580398701798 1.2201666831970215 5
1580398701852 1.1525756120681763 6
1580398701907 1.1888434886932373 7
1580398701962 1.1462353467941284 8
1580398702016 1.06303870677948 9
1580398702071 1.0774321556091309 10
1580398702126 0.8680849671363831 11
1580398702182 1.2887036800384521 12
1580398702240 0.9410221576690674 13
1580398702296 0.732057511806488 14
1580398702352 0.6766502857208252 15
1580398702407 0.6788409352302551 16
1580398702462 0.730830729007721 17
1580398702519 0.7109651565551758 18
1580398702577 0.5184433460235596 19
1580398702633 0.8211307525634766 20
1580398702691 0.5684115290641785 21
1580398702748 0.43796780705451965 22
1580398702804 0.808660089969635 23
1580398702859 0.8027070760726929 24
1580398702914 0.7693465352058411 25
1580398702970 0.6123511791229248 26
1580398703025 0.5754811763763428 27
1580398703080 0.6570867300033569 28
1580398703136 0.6063635945320129 29
