1580456996878 0.23076923 0
1580456996933 0.46153846 1
1580456996994 0.30769232 2
1580456997057 0.30769232 3
1580456997120 0.53846157 4
1580456997183 0.53846157 5
1580456997246 0.46153846 6
1580456997309 0.6923077 7
1580456997372 0.23076923 8
1580456997436 0.53846157 9
1580456997499 0.30769232 10
1580456997563 0.23076923 11
1580456997625 0.23076923 12
1580456997686 0.23076923 13
1580456997748 0.30769232 14
1580456997810 0.53846157 15
1580456997873 0.46153846 16
1580456997935 0.23076923 17
1580456997999 0.46153846 18
1580456998063 0.3846154 19
1580456998127 0.46153846 20
1580456998191 0.46153846 21
1580456998253 0.53846157 22
1580456998316 0.6923077 23
1580456998378 0.30769232 24
1580456998442 0.3846154 25
1580456998507 0.3846154 26
1580456998569 0.53846157 27
1580456998631 0.46153846 28
1580456998693 0.46153846 29
