1580456996878 1.3475168943405151 0
1580456996933 1.3895753622055054 1
1580456996994 1.4342402219772339 2
1580456997057 1.5640307664871216 3
1580456997120 1.2117385864257812 4
1580456997183 1.0954161882400513 5
1580456997246 1.1526241302490234 6
1580456997309 1.0436071157455444 7
1580456997372 1.5830332040786743 8
1580456997436 2.0445055961608887 9
1580456997499 3.6601686477661133 10
1580456997563 1.859748125076294 11
1580456997625 1.9667222499847412 12
1580456997686 1.3865282535552979 13
1580456997748 1.5544943809509277 14
1580456997810 1.279718279838562 15
1580456997873 1.208262324333191 16
1580456997935 1.2934335470199585 17
1580456997999 1.1365115642547607 18
1580456998063 1.4210689067840576 19
1580456998127 1.2517539262771606 20
1580456998191 1.1681512594223022 21
1580456998253 1.0311024188995361 22
1580456998316 1.1402630805969238 23
1580456998378 1.3766379356384277 24
1580456998442 1.2511639595031738 25
1580456998507 1.2843480110168457 26
1580456998569 0.9738429188728333 27
1580456998631 1.2657324075698853 28
1580456998693 1.1142301559448242 29
