1580457075937 0.3846154 0
1580457075995 0.3846154 1
1580457076060 0.3846154 2
1580457076123 0.23076923 3
1580457076186 0.30769232 4
1580457076251 0.6923077 5
1580457076316 0.46153846 6
1580457076381 0.46153846 7
1580457076447 0.46153846 8
1580457076512 0.53846157 9
1580457076578 0.61538464 10
1580457076641 0.46153846 11
1580457076707 0.3846154 12
1580457076772 0.61538464 13
1580457076838 0.7692308 14
1580457076905 0.7692308 15
1580457076970 0.84615386 16
1580457077036 0.53846157 17
1580457077102 0.6923077 18
1580457077168 0.84615386 19
1580457077234 0.53846157 20
1580457077298 0.53846157 21
1580457077364 0.84615386 22
1580457077430 0.7692308 23
1580457077496 0.61538464 24
1580457077562 0.6923077 25
1580457077625 0.84615386 26
1580457077690 0.9230769 27
1580457077753 0.84615386 28
1580457077818 0.84615386 29
