1580457075937 1.3677531480789185 0
1580457075995 1.3419318199157715 1
1580457076060 1.3276094198226929 2
1580457076123 1.4301326274871826 3
1580457076186 1.335391879081726 4
1580457076251 1.2347099781036377 5
1580457076316 1.2665784358978271 6
1580457076381 1.2213807106018066 7
1580457076447 1.132914662361145 8
1580457076512 0.9830615520477295 9
1580457076578 1.0742137432098389 10
1580457076641 1.0649696588516235 11
1580457076707 1.268186092376709 12
1580457076772 1.0139409303665161 13
1580457076838 0.9635143280029297 14
1580457076905 0.8474404215812683 15
1580457076970 0.9041913747787476 16
1580457077036 0.9163990020751953 17
1580457077102 0.6679973602294922 18
1580457077168 0.6104506850242615 19
1580457077234 0.957077145576477 20
1580457077298 0.7620077729225159 21
1580457077364 0.58958500623703 22
1580457077430 0.8542729020118713 23
1580457077496 0.5965932011604309 24
1580457077562 0.7924726009368896 25
1580457077625 0.6262407898902893 26
1580457077690 0.5082604885101318 27
1580457077753 0.4883975684642792 28
1580457077818 0.3539203405380249 29
