1580398812632 0.07692308 0
1580398812684 0.30769232 1
1580398812741 0.3846154 2
1580398812798 0.53846157 3
1580398812855 0.3846154 4
1580398812912 0.30769232 5
1580398812971 0.46153846 6
1580398813029 0.15384616 7
1580398813088 0.3846154 8
1580398813145 0.3846154 9
1580398813202 0.6923077 10
1580398813261 0.6923077 11
1580398813318 0.61538464 12
1580398813375 0.61538464 13
1580398813433 0.61538464 14
1580398813490 0.6923077 15
1580398813549 0.7692308 16
1580398813606 0.84615386 17
1580398813663 0.61538464 18
1580398813721 0.6923077 19
1580398813779 0.6923077 20
1580398813838 0.84615386 21
1580398813896 0.53846157 22
1580398813954 0.61538464 23
1580398814012 0.7692308 24
1580398814069 0.84615386 25
1580398814127 0.7692308 26
1580398814186 0.84615386 27
1580398814243 0.9230769 28
1580398814303 0.9230769 29
