1580398812632 1.4404151439666748 0
1580398812684 1.3802903890609741 1
1580398812741 1.3534049987792969 2
1580398812798 1.261924147605896 3
1580398812855 1.3361715078353882 4
1580398812912 1.3391274213790894 5
1580398812971 1.3660242557525635 6
1580398813029 1.4568004608154297 7
1580398813088 1.2665634155273438 8
1580398813145 1.2419699430465698 9
1580398813202 1.005781888961792 10
1580398813261 1.1488549709320068 11
1580398813318 1.0717895030975342 12
1580398813375 1.0281040668487549 13
1580398813433 0.9447888731956482 14
1580398813490 0.8882242441177368 15
1580398813549 0.8282489776611328 16
1580398813606 0.6664848327636719 17
1580398813663 0.8384529948234558 18
1580398813721 0.8245843052864075 19
1580398813779 0.7475033402442932 20
1580398813838 0.47670820355415344 21
1580398813896 0.9753297567367554 22
1580398813954 0.8071534037590027 23
1580398814012 0.5159450769424438 24
1580398814069 0.45248791575431824 25
1580398814127 0.6305233836174011 26
1580398814186 0.5025302171707153 27
1580398814243 0.44924360513687134 28
1580398814303 0.3667781949043274 29
