1580398664725 0.15384616 0
1580398664774 0.30769232 1
1580398664829 0.15384616 2
1580398664882 0.3846154 3
1580398664936 0.46153846 4
1580398664989 0.46153846 5
1580398665042 0.3846154 6
1580398665096 0.53846157 7
1580398665149 0.46153846 8
1580398665202 0.46153846 9
1580398665255 0.46153846 10
1580398665309 0.6923077 11
1580398665363 0.7692308 12
1580398665416 0.53846157 13
1580398665470 0.6923077 14
1580398665523 0.6923077 15
1580398665577 0.61538464 16
1580398665631 0.6923077 17
1580398665684 0.6923077 18
1580398665738 0.61538464 19
1580398665792 0.53846157 20
1580398665846 0.84615386 21
1580398665900 0.7692308 22
1580398665955 0.6923077 23
1580398666009 0.84615386 24
1580398666064 0.7692308 25
1580398666119 0.61538464 26
1580398666176 0.7692308 27
1580398666232 0.7692308 28
1580398666288 0.53846157 29
