1580398664725 1.4305188655853271 0
1580398664774 1.398171305656433 1
1580398664829 1.3758076429367065 2
1580398664882 1.343635082244873 3
1580398664936 1.28907310962677 4
1580398664989 1.352958083152771 5
1580398665042 1.3512318134307861 6
1580398665096 1.201765537261963 7
1580398665149 1.3471215963363647 8
1580398665202 1.2199537754058838 9
1580398665255 1.2322542667388916 10
1580398665309 1.1329700946807861 11
1580398665363 0.9977152347564697 12
1580398665416 1.0626575946807861 13
1580398665470 1.027293086051941 14
1580398665523 0.8688795566558838 15
1580398665577 1.0415692329406738 16
1580398665631 0.8532863855361938 17
1580398665684 0.8342021107673645 18
1580398665738 0.9311407804489136 19
1580398665792 0.7754335999488831 20
1580398665846 0.576703667640686 21
1580398665900 0.6563490629196167 22
1580398665955 0.6247037649154663 23
1580398666009 0.43686071038246155 24
1580398666064 0.7261380553245544 25
1580398666119 0.681289553642273 26
1580398666176 0.48035791516304016 27
1580398666232 0.522911012172699 28
1580398666288 0.77375328540802 29
