1580394085887 0.07692308 0
1580394085932 0.23076923 1
1580394085981 0.15384616 2
1580394086030 0.30769232 3
1580394086079 0.3846154 4
1580394086128 0.3846154 5
1580394086176 0.15384616 6
1580394086225 0.46153846 7
1580394086274 0.30769232 8
1580394086328 0.07692308 9
1580394086382 0.30769232 10
1580394086431 0.15384616 11
1580394086480 0.3846154 12
1580394086530 0.53846157 13
1580394086579 0.46153846 14
1580394086628 0.46153846 15
1580394086677 0.46153846 16
1580394086727 0.53846157 17
1580394086776 0.3846154 18
1580394086825 0.3846154 19
1580394086875 0.3846154 20
1580394086924 0.3846154 21
1580394086973 0.30769232 22
1580394087023 0.3846154 23
1580394087073 0.53846157 24
1580394087122 0.53846157 25
1580394087172 0.3846154 26
1580394087222 0.3846154 27
1580394087273 0.30769232 28
1580394087323 0.3846154 29
