1580394085887 1.5326253175735474 0
1580394085932 1.3689115047454834 1
1580394085981 1.4489535093307495 2
1580394086030 1.3931814432144165 3
1580394086079 1.387994647026062 4
1580394086128 1.3899805545806885 5
1580394086176 1.4027105569839478 6
1580394086225 1.407373309135437 7
1580394086274 1.4012001752853394 8
1580394086328 1.5133206844329834 9
1580394086382 1.3227124214172363 10
1580394086431 1.3766231536865234 11
1580394086480 1.3635764122009277 12
1580394086530 1.3512165546417236 13
1580394086579 1.3228143453598022 14
1580394086628 1.3322272300720215 15
1580394086677 1.3026295900344849 16
1580394086727 1.3125722408294678 17
1580394086776 1.3926737308502197 18
1580394086825 1.2702100276947021 19
1580394086875 1.3118935823440552 20
1580394086924 1.4165745973587036 21
1580394086973 1.3918179273605347 22
1580394087023 1.3047016859054565 23
1580394087073 1.2891247272491455 24
1580394087122 1.264597773551941 25
1580394087172 1.3160207271575928 26
1580394087222 1.3311728239059448 27
1580394087273 1.3269450664520264 28
1580394087323 1.262753963470459 29
