1580398698637 0.15384616 0
1580398698691 0.07692308 1
1580398698745 0.3846154 2
1580398698800 0.3846154 3
1580398698856 0.46153846 4
1580398698943 0.3846154 5
1580398699025 0.61538464 6
1580398699108 0.3846154 7
1580398699190 0.46153846 8
1580398699273 0.61538464 9
1580398699355 0.53846157 10
1580398699437 0.53846157 11
1580398699518 0.6923077 12
1580398699600 0.46153846 13
1580398699682 0.53846157 14
1580398699764 0.6923077 15
1580398699845 0.7692308 16
1580398699928 0.61538464 17
1580398700012 0.84615386 18
1580398700097 0.84615386 19
1580398700183 0.7692308 20
1580398700267 0.84615386 21
1580398700352 0.7692308 22
1580398700438 0.84615386 23
1580398700530 0.84615386 24
1580398700619 0.9230769 25
1580398700704 0.84615386 26
1580398700788 0.6923077 27
1580398700872 0.7692308 28
1580398700957 0.84615386 29
