1580398698637 1.4385077953338623 0
1580398698691 1.387218713760376 1
1580398698745 1.383800983428955 2
1580398698800 1.3469325304031372 3
1580398698856 1.3227723836898804 4
1580398698943 1.324364185333252 5
1580398699025 1.2383418083190918 6
1580398699108 1.2336903810501099 7
1580398699190 1.3237648010253906 8
1580398699273 1.2025716304779053 9
1580398699355 1.1009125709533691 10
1580398699437 1.174426555633545 11
1580398699518 1.0903913974761963 12
1580398699600 1.1508047580718994 13
1580398699682 1.0685935020446777 14
1580398699764 0.9392865300178528 15
1580398699845 0.8239227533340454 16
1580398699928 0.9943781495094299 17
1580398700012 0.6873185038566589 18
1580398700097 0.7227936387062073 19
1580398700183 0.6976572275161743 20
1580398700267 0.643726646900177 21
1580398700352 0.7487038373947144 22
1580398700438 0.5994876027107239 23
1580398700530 0.6719653606414795 24
1580398700619 0.554246187210083 25
1580398700704 0.5803196430206299 26
1580398700788 0.520534098148346 27
1580398700872 0.5286698937416077 28
1580398700957 0.4730718731880188 29
