1580398654089 0.15384616 0
1580398654138 0.46153846 1
1580398654192 0.30769232 2
1580398654245 0.3846154 3
1580398654299 0.30769232 4
1580398654352 0.46153846 5
1580398654406 0.3846154 6
1580398654459 0.46153846 7
1580398654514 0.53846157 8
1580398654568 0.30769232 9
1580398654622 0.61538464 10
1580398654675 0.61538464 11
1580398654730 0.3846154 12
1580398654785 0.53846157 13
1580398654839 0.30769232 14
1580398654892 0.61538464 15
1580398654946 0.6923077 16
1580398655000 0.53846157 17
1580398655054 0.7692308 18
1580398655108 0.6923077 19
1580398655163 0.7692308 20
1580398655217 0.9230769 21
1580398655272 0.53846157 22
1580398655326 0.7692308 23
1580398655380 0.61538464 24
1580398655434 0.84615386 25
1580398655489 0.6923077 26
1580398655543 0.6923077 27
1580398655598 0.7692308 28
1580398655652 0.53846157 29
