1580398654089 1.4184510707855225 0
1580398654138 1.3905675411224365 1
1580398654192 1.3382620811462402 2
1580398654245 1.3681540489196777 3
1580398654299 1.3946442604064941 4
1580398654352 1.2974345684051514 5
1580398654406 1.3463938236236572 6
1580398654459 1.2637699842453003 7
1580398654514 1.2666842937469482 8
1580398654568 1.313079833984375 9
1580398654622 1.1874417066574097 10
1580398654675 1.228919506072998 11
1580398654730 1.2723878622055054 12
1580398654785 1.1674729585647583 13
1580398654839 1.3700783252716064 14
1580398654892 1.0763518810272217 15
1580398654946 1.200485348701477 16
1580398655000 1.2072936296463013 17
1580398655054 1.0223294496536255 18
1580398655108 1.0022389888763428 19
1580398655163 0.9686421751976013 20
1580398655217 0.9095709919929504 21
1580398655272 0.9863722920417786 22
1580398655326 0.882207453250885 23
1580398655380 0.9128890633583069 24
1580398655434 0.8090832829475403 25
1580398655489 1.003016710281372 26
1580398655543 0.8742618560791016 27
1580398655598 0.8424177169799805 28
1580398655652 1.0562692880630493 29
