1580457058513 0.15384616 0
1580457058572 0.3846154 1
1580457058638 0.30769232 2
1580457058705 0.3846154 3
1580457058773 0.30769232 4
1580457058840 0.30769232 5
1580457058909 0.30769232 6
1580457058977 0.46153846 7
1580457059045 0.53846157 8
1580457059113 0.46153846 9
1580457059177 0.6923077 10
1580457059240 0.3846154 11
1580457059305 0.53846157 12
1580457059368 0.30769232 13
1580457059431 0.7692308 14
1580457059496 0.6923077 15
1580457059559 0.6923077 16
1580457059624 0.61538464 17
1580457059689 0.7692308 18
1580457059754 0.6923077 19
1580457059819 0.6923077 20
1580457059883 0.53846157 21
1580457059948 0.7692308 22
1580457060014 0.53846157 23
1580457060079 0.53846157 24
1580457060142 0.7692308 25
1580457060205 0.7692308 26
1580457060271 0.53846157 27
1580457060334 0.61538464 28
1580457060397 0.7692308 29
