1580457058513 1.4003307819366455 0
1580457058572 1.3556169271469116 1
1580457058638 1.42477548122406 2
1580457058705 1.3618324995040894 3
1580457058773 1.2795497179031372 4
1580457058840 1.3015942573547363 5
1580457058909 1.3086867332458496 6
1580457058977 1.2054823637008667 7
1580457059045 1.2413976192474365 8
1580457059113 1.108643651008606 9
1580457059177 0.9517269134521484 10
1580457059240 1.2616944313049316 11
1580457059305 1.257011890411377 12
1580457059368 1.2369767427444458 13
1580457059431 0.798416018486023 14
1580457059496 0.894632875919342 15
1580457059559 0.7887017130851746 16
1580457059624 0.7601343393325806 17
1580457059689 0.7415223717689514 18
1580457059754 0.6549414396286011 19
1580457059819 0.7655426859855652 20
1580457059883 0.862915575504303 21
1580457059948 0.7486000061035156 22
1580457060014 0.7936636209487915 23
1580457060079 0.7576927542686462 24
1580457060142 0.4692618250846863 25
1580457060205 0.47080591320991516 26
1580457060271 1.2263544797897339 27
1580457060334 0.9140396118164062 28
1580457060397 0.6082484722137451 29
