1580456974148 0.07692308 0
1580456974206 0.6923077 1
1580456974266 0.46153846 2
1580456974326 0.15384616 3
1580456974387 0.15384616 4
1580456974442 0.3846154 5
1580456974505 0.30769232 6
1580456974568 0.53846157 7
1580456974628 0.30769232 8
1580456974690 0.30769232 9
1580456974753 0.46153846 10
1580456974815 0.3846154 11
1580456974878 0.15384616 12
1580456974938 0.30769232 13
1580456975002 0.30769232 14
1580456975062 0.53846157 15
1580456975123 0.53846157 16
1580456975186 0.30769232 17
1580456975250 0.46153846 18
1580456975348 0.07692308 19
1580456975440 0.30769232 20
1580456975532 0.30769232 21
1580456975626 0.53846157 22
1580456975720 0.3846154 23
1580456975814 0.3846154 24
1580456975908 0.30769232 25
1580456976001 0.3846154 26
1580456976095 0.3846154 27
1580456976189 0.46153846 28
1580456976283 0.46153846 29
