1580456974148 1.4685636758804321 0
1580456974206 1.286969542503357 1
1580456974266 1.178044080734253 2
1580456974326 1.652595043182373 3
1580456974387 2.290645122528076 4
1580456974442 1.3854866027832031 5
1580456974505 1.3486205339431763 6
1580456974568 1.2138444185256958 7
1580456974628 1.2865327596664429 8
1580456974690 1.3533598184585571 9
1580456974753 1.045682668685913 10
1580456974815 1.2869834899902344 11
1580456974878 1.7430540323257446 12
1580456974938 1.2937060594558716 13
1580456975002 1.8469125032424927 14
1580456975062 1.0108981132507324 15
1580456975123 1.0863877534866333 16
1580456975186 1.5154513120651245 17
1580456975250 1.1400980949401855 18
1580456975348 3.758301258087158 19
1580456975440 1.464660406112671 20
1580456975532 1.8719520568847656 21
1580456975626 0.852645754814148 22
1580456975720 1.4715449810028076 23
1580456975814 1.4049057960510254 24
1580456975908 1.580298900604248 25
1580456976001 1.2777800559997559 26
1580456976095 1.2556824684143066 27
1580456976189 1.1649209260940552 28
1580456976283 1.1799887418746948 29
