1580456990714 0.30769232 0
1580456990773 0.3846154 1
1580456990835 0.23076923 2
1580456990897 0.3846154 3
1580456990958 0.53846157 4
1580456991020 0.3846154 5
1580456991081 0.46153846 6
1580456991144 0.61538464 7
1580456991208 0.46153846 8
1580456991271 0.7692308 9
1580456991336 0.6923077 10
1580456991433 0.61538464 11
1580456991525 0.6923077 12
1580456991617 0.53846157 13
1580456991710 0.3846154 14
1580456991803 0.7692308 15
1580456991897 0.7692308 16
1580456991991 0.9230769 17
1580456992085 0.84615386 18
1580456992179 0.84615386 19
1580456992273 0.53846157 20
1580456992367 0.9230769 21
1580456992460 0.84615386 22
1580456992555 0.84615386 23
1580456992649 0.6923077 24
1580456992743 0.84615386 25
1580456992838 0.84615386 26
1580456992932 0.7692308 27
1580456993027 0.84615386 28
1580456993122 0.9230769 29
