1580456990714 1.3368409872055054 0
1580456990773 1.3652170896530151 1
1580456990835 1.4078234434127808 2
1580456990897 1.325936198234558 3
1580456990958 1.2326570749282837 4
1580456991020 1.2704455852508545 5
1580456991081 1.206290602684021 6
1580456991144 1.1151190996170044 7
1580456991208 1.2841843366622925 8
1580456991271 0.8570630550384521 9
1580456991336 0.8679931163787842 10
1580456991433 0.9746903777122498 11
1580456991525 0.7275912761688232 12
1580456991617 1.0315792560577393 13
1580456991710 1.2206847667694092 14
1580456991803 0.8211950063705444 15
1580456991897 0.5412656664848328 16
1580456991991 0.6071359515190125 17
1580456992085 0.617578387260437 18
1580456992179 0.5408754944801331 19
1580456992273 0.831406831741333 20
1580456992367 0.4728181064128876 21
1580456992460 0.35661062598228455 22
1580456992555 0.4421716034412384 23
1580456992649 0.3913901746273041 24
1580456992743 0.5360556840896606 25
1580456992838 0.5321976542472839 26
1580456992932 0.5203193426132202 27
1580456993027 0.31422072649002075 28
1580456993122 0.2659305930137634 29
