1580398603345 0.23076923 0
1580398603396 0.46153846 1
1580398603450 0.15384616 2
1580398603503 0.15384616 3
1580398603555 0.23076923 4
1580398603608 0.53846157 5
1580398603661 0.46153846 6
1580398603714 0.3846154 7
1580398603767 0.53846157 8
1580398603821 0.46153846 9
1580398603874 0.61538464 10
1580398603929 0.53846157 11
1580398603985 0.53846157 12
1580398604040 0.46153846 13
1580398604095 0.53846157 14
1580398604149 0.61538464 15
1580398604204 0.61538464 16
1580398604258 0.7692308 17
1580398604313 0.61538464 18
1580398604369 0.6923077 19
1580398604425 0.53846157 20
1580398604480 0.53846157 21
1580398604535 0.6923077 22
1580398604588 0.61538464 23
1580398604643 0.46153846 24
1580398604699 0.6923077 25
1580398604752 0.6923077 26
1580398604806 0.61538464 27
1580398604859 0.61538464 28
1580398604912 0.84615386 29
