1580398603345 1.381677508354187 0
1580398603396 56.677818298339844 1
1580398603450 414.0290832519531 2
1580398603503 278.8947448730469 3
1580398603555 125.33097076416016 4
1580398603608 18.644840240478516 5
1580398603661 34.226200103759766 6
1580398603714 8.699934959411621 7
1580398603767 7.4492387771606445 8
1580398603821 3.336756706237793 9
1580398603874 1.5663127899169922 10
1580398603929 0.9463629126548767 11
1580398603985 1.0731730461120605 12
1580398604040 1.0423260927200317 13
1580398604095 0.8281291127204895 14
1580398604149 0.8768335580825806 15
1580398604204 0.9031361937522888 16
1580398604258 0.5233796834945679 17
1580398604313 0.7485174536705017 18
1580398604369 0.5521994233131409 19
1580398604425 0.8400449156761169 20
1580398604480 0.8091242909431458 21
1580398604535 0.7135187387466431 22
1580398604588 0.8388348817825317 23
1580398604643 0.813835084438324 24
1580398604699 0.507757306098938 25
1580398604752 0.7175455689430237 26
1580398604806 0.6982332468032837 27
1580398604859 0.7976458668708801 28
1580398604912 0.2768518626689911 29
