1580456968871 0.15384616 0
1580456968927 0.15384616 1
1580456968987 0.30769232 2
1580456969047 0.30769232 3
1580456969110 0.46153846 4
1580456969170 0.30769232 5
1580456969232 0.30769232 6
1580456969292 0.53846157 7
1580456969352 0.61538464 8
1580456969413 0.3846154 9
1580456969475 0.61538464 10
1580456969538 0.3846154 11
1580456969600 0.61538464 12
1580456969663 0.3846154 13
1580456969727 0.46153846 14
1580456969791 0.6923077 15
1580456969857 0.6923077 16
1580456969954 0.46153846 17
1580456970047 0.7692308 18
1580456970141 0.6923077 19
1580456970235 0.53846157 20
1580456970328 0.61538464 21
1580456970422 0.53846157 22
1580456970515 0.7692308 23
1580456970608 0.84615386 24
1580456970701 0.7692308 25
1580456970794 0.6923077 26
1580456970887 0.6923077 27
1580456970981 0.6923077 28
1580456971073 0.61538464 29
