1580456968871 1.4255352020263672 0
1580456968927 1.542828917503357 1
1580456968987 1.3657276630401611 2
1580456969047 1.3380519151687622 3
1580456969110 1.3199418783187866 4
1580456969170 1.4419068098068237 5
1580456969232 1.1802518367767334 6
1580456969292 1.162551760673523 7
1580456969352 1.2053430080413818 8
1580456969413 1.2747918367385864 9
1580456969475 1.2094979286193848 10
1580456969538 1.2423876523971558 11
1580456969600 1.046738624572754 12
1580456969663 1.1699044704437256 13
1580456969727 0.9355384111404419 14
1580456969791 0.8810145258903503 15
1580456969857 0.7337185740470886 16
1580456969954 0.9040603041648865 17
1580456970047 0.7510355710983276 18
1580456970141 0.6980522871017456 19
1580456970235 0.8798829317092896 20
1580456970328 0.7262661457061768 21
1580456970422 0.9579454064369202 22
1580456970515 0.49745267629623413 23
1580456970608 0.4701935052871704 24
1580456970701 0.6280231475830078 25
1580456970794 0.7348250150680542 26
1580456970887 0.8228492140769958 27
1580456970981 0.7102870345115662 28
1580456971073 0.9484395384788513 29
