1580398721564 0.23076923 0
1580398721613 0.07692308 1
1580398721668 0.30769232 2
1580398721722 0.30769232 3
1580398721777 0.30769232 4
1580398721832 0.30769232 5
1580398721888 0.3846154 6
1580398721945 0.23076923 7
1580398722002 0.46153846 8
1580398722089 0.30769232 9
1580398722172 0.30769232 10
1580398722257 0.46153846 11
1580398722344 0.30769232 12
1580398722428 0.30769232 13
1580398722512 0.46153846 14
1580398722599 0.3846154 15
1580398722683 0.61538464 16
1580398722768 0.46153846 17
1580398722854 0.46153846 18
1580398722943 0.23076923 19
1580398723034 0.3846154 20
1580398723118 0.6923077 21
1580398723202 0.7692308 22
1580398723288 0.3846154 23
1580398723378 0.7692308 24
1580398723463 0.53846157 25
1580398723548 0.6923077 26
1580398723633 0.6923077 27
1580398723718 0.7692308 28
1580398723804 0.53846157 29
