1580398721564 1.4067453145980835 0
1580398721613 1.416965365409851 1
1580398721668 1.3663647174835205 2
1580398721722 1.3720368146896362 3
1580398721777 1.3355486392974854 4
1580398721832 1.3729947805404663 5
1580398721888 1.311378002166748 6
1580398721945 1.3704804182052612 7
1580398722002 1.2609939575195312 8
1580398722089 1.3667502403259277 9
1580398722172 1.3749768733978271 10
1580398722257 1.2613143920898438 11
1580398722344 1.3569676876068115 12
1580398722428 1.2944227457046509 13
1580398722512 1.2606136798858643 14
1580398722599 1.2614977359771729 15
1580398722683 1.2076116800308228 16
1580398722768 1.2275038957595825 17
1580398722854 1.2870049476623535 18
1580398722943 1.2134366035461426 19
1580398723034 1.2670947313308716 20
1580398723118 1.0292036533355713 21
1580398723202 1.1815218925476074 22
1580398723288 1.2118374109268188 23
1580398723378 1.0466742515563965 24
1580398723463 1.1959673166275024 25
1580398723548 0.9972028136253357 26
1580398723633 1.098886489868164 27
1580398723718 0.9382113218307495 28
1580398723804 1.0589404106140137 29
