1580456955471 0.23076923 0
1580456955528 0.46153846 1
1580456955590 0.30769232 2
1580456955651 0.46153846 3
1580456955710 0.46153846 4
1580456955773 0.3846154 5
1580456955833 0.23076923 6
1580456955897 0.30769232 7
1580456955957 0.61538464 8
1580456956019 0.46153846 9
1580456956082 0.23076923 10
1580456956144 0.7692308 11
1580456956205 0.7692308 12
1580456956269 0.30769232 13
1580456956332 0.46153846 14
1580456956394 0.46153846 15
1580456956456 0.46153846 16
1580456956517 0.07692308 17
1580456956579 0.3846154 18
1580456956642 0.30769232 19
1580456956705 0.30769232 20
1580456956767 0.23076923 21
1580456956830 0.46153846 22
1580456956893 0.46153846 23
1580456956956 0.46153846 24
1580456957020 0.46153846 25
1580456957084 0.30769232 26
1580456957147 0.46153846 27
1580456957208 0.46153846 28
1580456957271 0.3846154 29
