1580456955471 1.4180201292037964 0
1580456955528 1.3056466579437256 1
1580456955590 1.459411382675171 2
1580456955651 1.3493975400924683 3
1580456955710 1.1734098196029663 4
1580456955773 1.1673927307128906 5
1580456955833 1.4202041625976562 6
1580456955897 1.1085600852966309 7
1580456955957 1.0515942573547363 8
1580456956019 1.0869593620300293 9
1580456956082 1.1823747158050537 10
1580456956144 0.7507593631744385 11
1580456956205 0.8977223038673401 12
1580456956269 1.2278746366500854 13
1580456956332 1.0174721479415894 14
1580456956394 1.2695882320404053 15
1580456956456 1.1525919437408447 16
1580456956517 1.747741460800171 17
1580456956579 1.475310206413269 18
1580456956642 1.4749870300292969 19
1580456956705 1.3744099140167236 20
1580456956767 1.3970240354537964 21
1580456956830 1.1541181802749634 22
1580456956893 1.1402075290679932 23
1580456956956 1.1471192836761475 24
1580456957020 1.142460584640503 25
1580456957084 1.5109896659851074 26
1580456957147 1.1023411750793457 27
1580456957208 1.0970638990402222 28
1580456957271 1.2867867946624756 29
