1580398492456 0.23076923 0
1580398492506 0.3846154 1
1580398492557 0.30769232 2
1580398492606 0.3846154 3
1580398492655 0.23076923 4
1580398492705 0.23076923 5
1580398492755 0.30769232 6
1580398492804 0.30769232 7
1580398492854 0.61538464 8
1580398492904 0.30769232 9
1580398492954 0.30769232 10
1580398493004 0.3846154 11
1580398493055 0.46153846 12
1580398493106 0.3846154 13
1580398493155 0.46153846 14
1580398493205 0.3846154 15
1580398493254 0.53846157 16
1580398493303 0.30769232 17
1580398493353 0.3846154 18
1580398493403 0.23076923 19
1580398493452 0.23076923 20
1580398493502 0.30769232 21
1580398493552 0.30769232 22
1580398493602 0.30769232 23
1580398493652 0.30769232 24
1580398493702 0.30769232 25
1580398493752 0.30769232 26
1580398493803 0.30769232 27
1580398493853 0.30769232 28
1580398493903 0.30769232 29
