1580398492456 1.404146432876587 0
1580398492506 1.3212001323699951 1
1580398492557 1.438218593597412 2
1580398492606 1.3546254634857178 3
1580398492655 1.6038169860839844 4
1580398492705 1.4121088981628418 5
1580398492755 1.3463934659957886 6
1580398492804 1.2041090726852417 7
1580398492854 1.2025705575942993 8
1580398492904 1.433739423751831 9
1580398492954 1.4240740537643433 10
1580398493004 1.1490846872329712 11
1580398493055 1.0729525089263916 12
1580398493106 1.0741894245147705 13
1580398493155 1.3026014566421509 14
1580398493205 1.241695523262024 15
1580398493254 1.3530807495117188 16
1580398493303 1.3946806192398071 17
1580398493353 1.275662899017334 18
1580398493403 1.4485535621643066 19
1580398493452 1.3323686122894287 20
1580398493502 1.365188717842102 21
1580398493552 1.3814576864242554 22
1580398493602 1.387559175491333 23
1580398493652 1.3890753984451294 24
1580398493702 1.385825514793396 25
1580398493752 1.381727695465088 26
1580398493803 1.379204273223877 27
1580398493853 1.3784517049789429 28
1580398493903 1.378589391708374 29
