1580398744837 0.30769232 0
1580398744888 0.53846157 1
1580398744943 0.30769232 2
1580398745001 0.3846154 3
1580398745059 0.46153846 4
1580398745116 0.46153846 5
1580398745173 0.61538464 6
1580398745231 0.46153846 7
1580398745289 0.3846154 8
1580398745347 0.6923077 9
1580398745406 0.7692308 10
1580398745464 0.6923077 11
1580398745522 0.6923077 12
1580398745580 0.84615386 13
1580398745638 0.9230769 14
1580398745696 0.61538464 15
1580398745753 0.7692308 16
1580398745810 0.84615386 17
1580398745866 0.6923077 18
1580398745924 0.9230769 19
1580398745982 0.7692308 20
1580398746039 0.84615386 21
1580398746095 0.6923077 22
1580398746152 0.84615386 23
1580398746208 0.9230769 24
1580398746267 0.7692308 25
1580398746323 1.0 26
1580398746380 0.53846157 27
1580398746437 0.7692308 28
1580398746496 0.61538464 29
