1580398744837 1.3738583326339722 0
1580398744888 1.249859094619751 1
1580398744943 3.788449287414551 2
1580398745001 1.4868932962417603 3
1580398745059 1.0277471542358398 4
1580398745116 0.8159932494163513 5
1580398745173 0.9810896515846252 6
1580398745231 0.9702983498573303 7
1580398745289 0.9948617219924927 8
1580398745347 0.7165969014167786 9
1580398745406 0.6960304975509644 10
1580398745464 0.7124487161636353 11
1580398745522 0.717194139957428 12
1580398745580 0.5013713240623474 13
1580398745638 0.48257380723953247 14
1580398745696 0.595607578754425 15
1580398745753 0.5197677612304688 16
1580398745810 0.5415045619010925 17
1580398745866 0.6762883067131042 18
1580398745924 0.4457852244377136 19
1580398745982 0.49193131923675537 20
1580398746039 0.4313441812992096 21
1580398746095 0.5903381705284119 22
1580398746152 0.4502488374710083 23
1580398746208 0.39214903116226196 24
1580398746267 0.43704530596733093 25
1580398746323 0.4008437693119049 26
1580398746380 0.7140362858772278 27
1580398746437 0.4767535328865051 28
1580398746496 0.7279058694839478 29
