1580457083241 0.23076923 0
1580457083301 0.3846154 1
1580457083363 0.30769232 2
1580457083427 0.30769232 3
1580457083490 0.3846154 4
1580457083554 0.46153846 5
1580457083617 0.30769232 6
1580457083679 0.46153846 7
1580457083741 0.46153846 8
1580457083804 0.53846157 9
1580457083869 0.53846157 10
1580457083934 0.3846154 11
1580457083996 0.3846154 12
1580457084059 0.6923077 13
1580457084122 0.6923077 14
1580457084187 0.61538464 15
1580457084252 0.6923077 16
1580457084315 0.7692308 17
1580457084380 0.61538464 18
1580457084443 0.53846157 19
1580457084509 0.6923077 20
1580457084574 0.53846157 21
1580457084640 0.6923077 22
1580457084705 0.7692308 23
1580457084769 0.84615386 24
1580457084833 1.0 25
1580457084899 0.6923077 26
1580457084962 0.7692308 27
1580457085028 0.7692308 28
1580457085094 0.7692308 29
