1580457083241 1.380023717880249 0
1580457083301 1.3956034183502197 1
1580457083363 1.3480503559112549 2
1580457083427 1.311417818069458 3
1580457083490 1.262824296951294 4
1580457083554 1.2254862785339355 5
1580457083617 1.3158029317855835 6
1580457083679 1.2641342878341675 7
1580457083741 1.1344125270843506 8
1580457083804 1.1503568887710571 9
1580457083869 1.0485644340515137 10
1580457083934 1.104973554611206 11
1580457083996 1.0591776371002197 12
1580457084059 0.8763879537582397 13
1580457084122 1.010831356048584 14
1580457084187 0.9326527118682861 15
1580457084252 0.8039136528968811 16
1580457084315 0.7728447318077087 17
1580457084380 0.9538069367408752 18
1580457084443 0.8449230194091797 19
1580457084509 0.7955882549285889 20
1580457084574 0.7866101861000061 21
1580457084640 0.6363490223884583 22
1580457084705 0.4989549219608307 23
1580457084769 0.5236669778823853 24
1580457084833 0.31044405698776245 25
1580457084899 0.5515148043632507 26
1580457084962 0.40545350313186646 27
1580457085028 0.3428494334220886 28
1580457085094 0.7327101826667786 29
