1580394159566 0.07692308 0
1580394159610 0.15384616 1
1580394159659 0.15384616 2
1580394159708 0.30769232 3
1580394159757 0.3846154 4
1580394159810 0.53846157 5
1580394159858 0.3846154 6
1580394159908 0.3846154 7
1580394159957 0.46153846 8
1580394160006 0.23076923 9
1580394160055 0.30769232 10
1580394160104 0.46153846 11
1580394160153 0.23076923 12
1580394160202 0.46153846 13
1580394160251 0.53846157 14
1580394160301 0.53846157 15
1580394160350 0.61538464 16
1580394160398 0.61538464 17
1580394160445 0.61538464 18
1580394160494 0.6923077 19
1580394160542 0.30769232 20
1580394160590 0.53846157 21
1580394160639 0.3846154 22
1580394160687 0.61538464 23
1580394160735 0.6923077 24
1580394160784 0.6923077 25
1580394160832 0.61538464 26
1580394160880 0.61538464 27
1580394160929 0.61538464 28
1580394160978 0.53846157 29
