1580394159566 1.519973874092102 0
1580394159610 1.3940550088882446 1
1580394159659 1.4878968000411987 2
1580394159708 1.4097216129302979 3
1580394159757 1.35587477684021 4
1580394159810 1.343735933303833 5
1580394159858 1.3331835269927979 6
1580394159908 1.3565561771392822 7
1580394159957 1.2956801652908325 8
1580394160006 1.3892276287078857 9
1580394160055 1.2602488994598389 10
1580394160104 1.3225200176239014 11
1580394160153 1.3446238040924072 12
1580394160202 1.2388197183609009 13
1580394160251 1.317237138748169 14
1580394160301 1.2199562788009644 15
1580394160350 1.1076147556304932 16
1580394160398 1.1460479497909546 17
1580394160445 1.150545597076416 18
1580394160494 1.103384017944336 19
1580394160542 1.2207940816879272 20
1580394160590 1.2656116485595703 21
1580394160639 1.195430040359497 22
1580394160687 1.1256859302520752 23
1580394160735 1.1231986284255981 24
1580394160784 1.018951177597046 25
1580394160832 0.9662576913833618 26
1580394160880 0.986147940158844 27
1580394160929 0.9919803142547607 28
1580394160978 1.0241436958312988 29
