1580354313152 0.07692308 0
1580354313195 0.30769232 1
1580354313243 0.23076923 2
1580354313291 0.30769232 3
1580354313339 0.3846154 4
1580354313387 0.53846157 5
1580354313435 0.30769232 6
1580354313483 0.46153846 7
1580354313532 0.46153846 8
1580354313579 0.23076923 9
1580354313628 0.53846157 10
1580354313676 0.3846154 11
1580354313723 0.46153846 12
1580354313772 0.53846157 13
1580354313819 0.53846157 14
1580354313866 0.53846157 15
1580354313913 0.6923077 16
1580354313960 0.61538464 17
1580354314006 0.53846157 18
1580354314052 0.53846157 19
1580354314099 0.6923077 20
1580354314147 0.3846154 21
1580354314196 0.53846157 22
1580354314244 0.61538464 23
1580354314291 0.61538464 24
1580354314341 0.61538464 25
1580354314388 0.53846157 26
1580354314435 0.61538464 27
1580354314483 0.46153846 28
1580354314530 0.61538464 29
