1580354313152 1.5326253175735474 0
1580354313195 1.3474558591842651 1
1580354313243 1.4099059104919434 2
1580354313291 1.3594061136245728 3
1580354313339 1.3412292003631592 4
1580354313387 1.3314831256866455 5
1580354313435 1.348926067352295 6
1580354313483 1.3523017168045044 7
1580354313532 1.3419100046157837 8
1580354313579 1.4520195722579956 9
1580354313628 1.2651689052581787 10
1580354313676 1.3337041139602661 11
1580354313723 1.304365634918213 12
1580354313772 1.293489933013916 13
1580354313819 1.2639350891113281 14
1580354313866 1.2564449310302734 15
1580354313913 1.2335318326950073 16
1580354313960 1.2597033977508545 17
1580354314006 1.3331122398376465 18
1580354314052 1.2070302963256836 19
1580354314099 1.2467581033706665 20
1580354314147 1.3733365535736084 21
1580354314196 1.3231823444366455 22
1580354314244 1.2456333637237549 23
1580354314291 1.2243913412094116 24
1580354314341 1.2260191440582275 25
1580354314388 1.2385355234146118 26
1580354314435 1.2697415351867676 27
1580354314483 1.2437540292739868 28
1580354314530 1.1645909547805786 29
