1580457119052 0.30769232 0
1580457119112 0.53846157 1
1580457119176 0.46153846 2
1580457119239 0.3846154 3
1580457119301 0.30769232 4
1580457119367 0.53846157 5
1580457119430 0.46153846 6
1580457119493 0.3846154 7
1580457119556 0.53846157 8
1580457119621 0.61538464 9
1580457119687 0.46153846 10
1580457119753 0.53846157 11
1580457119820 0.53846157 12
1580457119886 0.30769232 13
1580457119952 0.61538464 14
1580457120018 0.61538464 15
1580457120082 0.61538464 16
1580457120149 0.3846154 17
1580457120254 0.7692308 18
1580457120352 0.7692308 19
1580457120450 0.7692308 20
1580457120548 0.7692308 21
1580457120646 0.6923077 22
1580457120743 0.7692308 23
1580457120841 0.7692308 24
1580457120939 0.84615386 25
1580457121038 1.0 26
1580457121136 0.7692308 27
1580457121234 0.7692308 28
1580457121333 0.9230769 29
