1580457119052 1.388444185256958 0
1580457119112 1.3443915843963623 1
1580457119176 1.341644287109375 2
1580457119239 1.3402475118637085 3
1580457119301 1.3834078311920166 4
1580457119367 1.3249214887619019 5
1580457119430 1.2989176511764526 6
1580457119493 1.2249910831451416 7
1580457119556 1.1554700136184692 8
1580457119621 1.0297954082489014 9
1580457119687 1.2196208238601685 10
1580457119753 1.063565731048584 11
1580457119820 1.082017183303833 12
1580457119886 1.076587200164795 13
1580457119952 0.9721580147743225 14
1580457120018 0.9954957962036133 15
1580457120082 0.9326394200325012 16
1580457120149 1.0332000255584717 17
1580457120254 0.7424037456512451 18
1580457120352 0.8753145933151245 19
1580457120450 0.696690022945404 20
1580457120548 0.6772782802581787 21
1580457120646 0.725677490234375 22
1580457120743 0.5452718138694763 23
1580457120841 0.5529852509498596 24
1580457120939 0.49444472789764404 25
1580457121038 0.3939511179924011 26
1580457121136 0.5802134871482849 27
1580457121234 0.455281138420105 28
1580457121333 0.35083168745040894 29
