1580398830221 0.23076923 0
1580398830275 0.15384616 1
1580398830333 0.30769232 2
1580398830392 0.46153846 3
1580398830451 0.46153846 4
1580398830509 0.3846154 5
1580398830567 0.61538464 6
1580398830624 0.30769232 7
1580398830682 0.61538464 8
1580398830739 0.53846157 9
1580398830796 0.46153846 10
1580398830853 0.53846157 11
1580398830911 0.46153846 12
1580398830970 0.53846157 13
1580398831027 0.6923077 14
1580398831087 0.6923077 15
1580398831147 0.7692308 16
1580398831208 0.7692308 17
1580398831267 0.6923077 18
1580398831327 0.84615386 19
1580398831387 0.61538464 20
1580398831447 0.6923077 21
1580398831506 0.6923077 22
1580398831566 0.7692308 23
1580398831625 0.84615386 24
1580398831685 0.84615386 25
1580398831745 0.84615386 26
1580398831804 0.9230769 27
1580398831864 1.0 28
1580398831924 0.6923077 29
