1580398830221 1.400238037109375 0
1580398830275 1.3607693910598755 1
1580398830333 1.3422170877456665 2
1580398830392 1.158148169517517 3
1580398830451 1.235404133796692 4
1580398830509 1.213452696800232 5
1580398830567 1.0532417297363281 6
1580398830624 1.214072823524475 7
1580398830682 1.1697967052459717 8
1580398830739 1.083909273147583 9
1580398830796 0.9982372522354126 10
1580398830853 0.9437513947486877 11
1580398830911 1.0953879356384277 12
1580398830970 1.088390827178955 13
1580398831027 0.8562251329421997 14
1580398831087 0.8277796506881714 15
1580398831147 0.6724840402603149 16
1580398831208 0.7781184315681458 17
1580398831267 0.6991194486618042 18
1580398831327 0.40742161870002747 19
1580398831387 0.8661823272705078 20
1580398831447 0.7420580983161926 21
1580398831506 0.663306474685669 22
1580398831566 0.6087964773178101 23
1580398831625 0.49894434213638306 24
1580398831685 0.46031349897384644 25
1580398831745 0.5848067998886108 26
1580398831804 0.3638555407524109 27
1580398831864 0.17919489741325378 28
1580398831924 0.5962239503860474 29
