1580398798011 0.3846154 0
1580398798068 0.30769232 1
1580398798126 0.30769232 2
1580398798183 0.15384616 3
1580398798240 0.46153846 4
1580398798297 0.3846154 5
1580398798355 0.3846154 6
1580398798411 0.3846154 7
1580398798468 0.3846154 8
1580398798525 0.3846154 9
1580398798582 0.53846157 10
1580398798639 0.15384616 11
1580398798695 0.6923077 12
1580398798752 0.3846154 13
1580398798809 0.53846157 14
1580398798866 0.6923077 15
1580398798923 0.23076923 16
1580398798980 0.61538464 17
1580398799037 0.61538464 18
1580398799095 0.6923077 19
1580398799153 0.6923077 20
1580398799212 0.46153846 21
1580398799272 0.7692308 22
1580398799331 0.3846154 23
1580398799389 0.30769232 24
1580398799446 0.61538464 25
1580398799504 0.61538464 26
1580398799562 0.53846157 27
1580398799622 0.61538464 28
1580398799680 0.53846157 29
