1580398798011 1.3597283363342285 0
1580398798068 1.3288209438323975 1
1580398798126 1.3508124351501465 2
1580398798183 1.324371099472046 3
1580398798240 1.1427677869796753 4
1580398798297 1.4094109535217285 5
1580398798355 1.164363980293274 6
1580398798411 1.3711594343185425 7
1580398798468 1.0922541618347168 8
1580398798525 1.4126845598220825 9
1580398798582 1.1398844718933105 10
1580398798639 1.6042300462722778 11
1580398798695 0.7368378043174744 12
1580398798752 1.2019259929656982 13
1580398798809 0.9980992078781128 14
1580398798866 0.6943865418434143 15
1580398798923 1.2925326824188232 16
1580398798980 0.8742198944091797 17
1580398799037 0.8407576680183411 18
1580398799095 0.8607736825942993 19
1580398799153 0.7122513651847839 20
1580398799212 0.9244876503944397 21
1580398799272 0.5705417990684509 22
1580398799331 1.0987184047698975 23
1580398799389 1.0404046773910522 24
1580398799446 0.7064260244369507 25
1580398799504 0.8250876069068909 26
1580398799562 1.0760351419448853 27
1580398799622 0.6546286344528198 28
1580398799680 0.8550974130630493 29
