1580398537579 0.46153846 0
1580398537624 0.3846154 1
1580398537675 0.30769232 2
1580398537725 0.23076923 3
1580398537775 0.46153846 4
1580398537825 0.3846154 5
1580398537876 0.23076923 6
1580398537926 0.46153846 7
1580398537975 0.6923077 8
1580398538025 0.53846157 9
1580398538076 0.46153846 10
1580398538126 0.46153846 11
1580398538176 0.61538464 12
1580398538226 0.6923077 13
1580398538276 0.53846157 14
1580398538327 0.84615386 15
1580398538378 0.7692308 16
1580398538428 0.7692308 17
1580398538479 0.6923077 18
1580398538529 0.84615386 19
1580398538579 0.9230769 20
1580398538633 1.0 21
1580398538714 0.7692308 22
1580398538790 1.0 23
1580398538866 0.6923077 24
1580398538942 0.7692308 25
1580398539019 0.84615386 26
1580398539095 0.61538464 27
1580398539173 0.84615386 28
1580398539251 0.9230769 29
