1580398537579 1.3482927083969116 0
1580398537624 1.3493905067443848 1
1580398537675 1.360391616821289 2
1580398537725 1.3609390258789062 3
1580398537775 1.2486279010772705 4
1580398537825 1.2412892580032349 5
1580398537876 1.3822448253631592 6
1580398537926 1.1181162595748901 7
1580398537975 1.0015019178390503 8
1580398538025 1.0481667518615723 9
1580398538076 1.2187660932540894 10
1580398538126 1.1174753904342651 11
1580398538176 0.8773086071014404 12
1580398538226 0.8366883993148804 13
1580398538276 0.7995166778564453 14
1580398538327 0.5401204824447632 15
1580398538378 0.5873823761940002 16
1580398538428 0.6676066517829895 17
1580398538479 0.6704074144363403 18
1580398538529 0.4799489676952362 19
1580398538579 0.34398186206817627 20
1580398538633 0.3483387231826782 21
1580398538714 0.525108814239502 22
1580398538790 0.143926739692688 23
1580398538866 0.6620916128158569 24
1580398538942 0.5148980617523193 25
1580398539019 0.29239535331726074 26
1580398539095 0.8064552545547485 27
1580398539173 0.3629271388053894 28
1580398539251 0.2965306043624878 29
