1580398490564 0.30769232 0
1580398490613 0.07692308 1
1580398490662 0.30769232 2
1580398490711 0.30769232 3
1580398490761 0.30769232 4
1580398490810 0.3846154 5
1580398490859 0.53846157 6
1580398490909 0.3846154 7
1580398490958 0.46153846 8
1580398491007 0.6923077 9
1580398491057 0.46153846 10
1580398491106 0.3846154 11
1580398491155 0.3846154 12
1580398491205 0.61538464 13
1580398491254 0.46153846 14
1580398491303 0.61538464 15
1580398491353 0.6923077 16
1580398491402 0.7692308 17
1580398491452 0.7692308 18
1580398491502 0.6923077 19
1580398491552 0.6923077 20
1580398491602 0.84615386 21
1580398491652 0.7692308 22
1580398491702 0.7692308 23
1580398491751 0.9230769 24
1580398491802 0.84615386 25
1580398491851 0.9230769 26
1580398491901 0.7692308 27
1580398491951 0.46153846 28
1580398492001 0.61538464 29
