1580398490564 1.383818507194519 0
1580398490613 1.4214800596237183 1
1580398490662 1.3569896221160889 2
1580398490711 1.3823015689849854 3
1580398490761 1.3405110836029053 4
1580398490810 1.2949557304382324 5
1580398490859 1.2217851877212524 6
1580398490909 1.2042014598846436 7
1580398490958 1.1818641424179077 8
1580398491007 1.0707627534866333 9
1580398491057 1.1347472667694092 10
1580398491106 1.2398171424865723 11
1580398491155 1.1563782691955566 12
1580398491205 0.9705235362052917 13
1580398491254 1.0348098278045654 14
1580398491303 0.8994880318641663 15
1580398491353 0.9144579172134399 16
1580398491402 0.9238296151161194 17
1580398491452 0.6521024703979492 18
1580398491502 0.6831111907958984 19
1580398491552 0.8374245166778564 20
1580398491602 0.5522339344024658 21
1580398491652 0.5132189989089966 22
1580398491702 0.661018967628479 23
1580398491751 0.4453291594982147 24
1580398491802 0.4364788234233856 25
1580398491851 0.26193541288375854 26
1580398491901 0.5000272989273071 27
1580398491951 0.8888216614723206 28
1580398492001 0.7938096523284912 29
