1580398634699 0.30769232 0
1580398634751 0.15384616 1
1580398634804 0.46153846 2
1580398634857 0.3846154 3
1580398634909 0.30769232 4
1580398634962 0.30769232 5
1580398635015 0.3846154 6
1580398635068 0.46153846 7
1580398635123 0.46153846 8
1580398635178 0.46153846 9
1580398635232 0.53846157 10
1580398635285 0.46153846 11
1580398635338 0.53846157 12
1580398635391 0.53846157 13
1580398635445 0.6923077 14
1580398635498 0.53846157 15
1580398635552 0.53846157 16
1580398635607 0.6923077 17
1580398635660 0.7692308 18
1580398635715 0.61538464 19
1580398635768 0.6923077 20
1580398635824 0.61538464 21
1580398635880 0.6923077 22
1580398635937 0.84615386 23
1580398635992 0.46153846 24
1580398636046 0.6923077 25
1580398636102 0.6923077 26
1580398636157 0.6923077 27
1580398636213 0.9230769 28
1580398636269 0.9230769 29
