1580398634699 1.3888322114944458 0
1580398634751 1.3957302570343018 1
1580398634804 1.322038173675537 2
1580398634857 1.3603713512420654 3
1580398634909 1.3690621852874756 4
1580398634962 1.410966396331787 5
1580398635015 1.3394900560379028 6
1580398635068 1.2611110210418701 7
1580398635123 1.244140386581421 8
1580398635178 1.2056256532669067 9
1580398635232 1.2826741933822632 10
1580398635285 1.3262131214141846 11
1580398635338 1.1281120777130127 12
1580398635391 1.2153291702270508 13
1580398635445 1.133549451828003 14
1580398635498 1.1476960182189941 15
1580398635552 1.1263315677642822 16
1580398635607 0.9746023416519165 17
1580398635660 0.9797292947769165 18
1580398635715 0.9525169730186462 19
1580398635768 0.9792900085449219 20
1580398635824 0.9805642366409302 21
1580398635880 0.8388969898223877 22
1580398635937 0.7920140624046326 23
1580398635992 1.0566916465759277 24
1580398636046 0.8359862565994263 25
1580398636102 0.8731175661087036 26
1580398636157 0.724071741104126 27
1580398636213 0.5377615094184875 28
1580398636269 0.5497638583183289 29
