1580398785175 0.23076923 0
1580398785227 0.3846154 1
1580398785284 0.30769232 2
1580398785341 0.3846154 3
1580398785400 0.3846154 4
1580398785459 0.23076923 5
1580398785517 0.46153846 6
1580398785576 0.53846157 7
1580398785633 0.30769232 8
1580398785690 0.46153846 9
1580398785749 0.3846154 10
1580398785808 0.46153846 11
1580398785865 0.30769232 12
1580398785923 0.61538464 13
1580398785981 0.3846154 14
1580398786040 0.53846157 15
1580398786098 0.53846157 16
1580398786157 0.53846157 17
1580398786216 0.61538464 18
1580398786274 0.7692308 19
1580398786333 0.53846157 20
1580398786393 0.3846154 21
1580398786453 0.53846157 22
1580398786513 0.84615386 23
1580398786572 0.61538464 24
1580398786632 0.84615386 25
1580398786692 0.6923077 26
1580398786751 0.6923077 27
1580398786809 0.53846157 28
1580398786868 0.7692308 29
