1580398785175 1.3926470279693604 0
1580398785227 1.3842257261276245 1
1580398785284 1.3836065530776978 2
1580398785341 1.3460233211517334 3
1580398785400 1.3795406818389893 4
1580398785459 1.3582204580307007 5
1580398785517 1.30084228515625 6
1580398785576 1.267869234085083 7
1580398785633 1.361415982246399 8
1580398785690 1.2380865812301636 9
1580398785749 1.275341510772705 10
1580398785808 1.1667219400405884 11
1580398785865 1.2641243934631348 12
1580398785923 1.1727460622787476 13
1580398785981 1.187753677368164 14
1580398786040 1.0616495609283447 15
1580398786098 1.0463942289352417 16
1580398786157 1.0417373180389404 17
1580398786216 0.9174299836158752 18
1580398786274 0.8893061876296997 19
1580398786333 1.111746072769165 20
1580398786393 1.0925673246383667 21
1580398786453 0.9785916209220886 22
1580398786513 0.8104051351547241 23
1580398786572 0.7984462380409241 24
1580398786632 0.7171623706817627 25
1580398786692 0.7325258255004883 26
1580398786751 0.723659098148346 27
1580398786809 0.9398928880691528 28
1580398786868 0.7284581065177917 29
