1580398943900 0.3846154 0
1580398943954 0.3846154 1
1580398944016 0.30769232 2
1580398944076 0.46153846 3
1580398944138 0.46153846 4
1580398944198 0.3846154 5
1580398944260 0.3846154 6
1580398944320 0.3846154 7
1580398944382 0.53846157 8
1580398944444 0.46153846 9
1580398944506 0.46153846 10
1580398944568 0.46153846 11
1580398944630 0.61538464 12
1580398944692 0.61538464 13
1580398944754 0.53846157 14
1580398944814 0.84615386 15
1580398944875 0.53846157 16
1580398944935 0.84615386 17
1580398944996 0.9230769 18
1580398945056 0.7692308 19
1580398945117 0.61538464 20
1580398945178 0.61538464 21
1580398945239 0.61538464 22
1580398945299 0.7692308 23
1580398945362 0.84615386 24
1580398945426 0.7692308 25
1580398945489 0.6923077 26
1580398945552 0.9230769 27
1580398945615 0.7692308 28
1580398945679 0.7692308 29
