1580398943900 1.3846007585525513 0
1580398943954 1.373587727546692 1
1580398944016 1.359557032585144 2
1580398944076 1.3159756660461426 3
1580398944138 1.25430166721344 4
1580398944198 1.3400524854660034 5
1580398944260 1.3602715730667114 6
1580398944320 1.2816728353500366 7
1580398944382 1.233994722366333 8
1580398944444 1.241084337234497 9
1580398944506 1.1529369354248047 10
1580398944568 1.1842107772827148 11
1580398944630 1.1446588039398193 12
1580398944692 1.1086302995681763 13
1580398944754 1.0390881299972534 14
1580398944814 0.8569563627243042 15
1580398944875 1.0157008171081543 16
1580398944935 0.8039421439170837 17
1580398944996 0.8188654184341431 18
1580398945056 0.7726407647132874 19
1580398945117 0.66493821144104 20
1580398945178 0.7982231974601746 21
1580398945239 0.7278279662132263 22
1580398945299 0.7591469287872314 23
1580398945362 0.6109117269515991 24
1580398945426 0.5349584817886353 25
1580398945489 0.6761869192123413 26
1580398945552 0.44355663657188416 27
1580398945615 0.7371222972869873 28
1580398945679 0.5635403394699097 29
