1580457063918 0.23076923 0
1580457064011 0.46153846 1
1580457064105 0.23076923 2
1580457064200 0.15384616 3
1580457064295 0.23076923 4
1580457064391 0.46153846 5
1580457064486 0.46153846 6
1580457064582 0.53846157 7
1580457064677 0.46153846 8
1580457064772 0.61538464 9
1580457064868 0.46153846 10
1580457064962 0.46153846 11
1580457065058 0.30769232 12
1580457065153 0.3846154 13
1580457065249 0.6923077 14
1580457065346 0.3846154 15
1580457065442 0.46153846 16
1580457065538 0.30769232 17
1580457065634 0.53846157 18
1580457065731 0.23076923 19
1580457065827 0.30769232 20
1580457065923 0.53846157 21
1580457066020 0.6923077 22
1580457066116 0.6923077 23
1580457066213 0.53846157 24
1580457066310 0.53846157 25
1580457066407 0.3846154 26
1580457066505 0.53846157 27
1580457066602 0.46153846 28
1580457066699 0.53846157 29
