1580457063918 1.381677508354187 0
1580457064011 1.2940762042999268 1
1580457064105 1.4497032165527344 2
1580457064200 1.674261212348938 3
1580457064295 1.4732309579849243 4
1580457064391 1.2502974271774292 5
1580457064486 1.3436576128005981 6
1580457064582 1.2543188333511353 7
1580457064677 1.168696641921997 8
1580457064772 0.9509398937225342 9
1580457064868 1.2048503160476685 10
1580457064962 1.3156535625457764 11
1580457065058 1.4506663084030151 12
1580457065153 1.2922942638397217 13
1580457065249 0.7269721627235413 14
1580457065346 1.5411403179168701 15
1580457065442 1.2543282508850098 16
1580457065538 1.1391222476959229 17
1580457065634 0.9519590139389038 18
1580457065731 1.2329659461975098 19
1580457065827 1.113289713859558 20
1580457065923 0.9639052152633667 21
1580457066020 0.725518524646759 22
1580457066116 0.7065831422805786 23
1580457066213 0.9269944429397583 24
1580457066310 0.92080157995224 25
1580457066407 1.2316739559173584 26
1580457066505 0.9111447930335999 27
1580457066602 1.0815818309783936 28
1580457066699 0.9105459451675415 29
