1580398905964 0.3846154 0
1580398906019 0.3846154 1
1580398906080 0.3846154 2
1580398906140 0.3846154 3
1580398906200 0.23076923 4
1580398906260 0.30769232 5
1580398906320 0.3846154 6
1580398906379 0.46153846 7
1580398906439 0.3846154 8
1580398906498 0.53846157 9
1580398906556 0.61538464 10
1580398906615 0.61538464 11
1580398906676 0.6923077 12
1580398906735 0.61538464 13
1580398906796 0.6923077 14
1580398906856 0.6923077 15
1580398906915 0.23076923 16
1580398906974 0.7692308 17
1580398907034 0.7692308 18
1580398907093 0.7692308 19
1580398907152 0.61538464 20
1580398907211 0.6923077 21
1580398907272 0.53846157 22
1580398907332 0.61538464 23
1580398907392 0.7692308 24
1580398907453 0.84615386 25
1580398907513 0.6923077 26
1580398907573 0.9230769 27
1580398907633 0.61538464 28
1580398907695 0.7692308 29
