1580398905964 1.379888653755188 0
1580398906019 1.3540120124816895 1
1580398906080 1.3622384071350098 2
1580398906140 1.348838210105896 3
1580398906200 1.3452785015106201 4
1580398906260 1.3175073862075806 5
1580398906320 1.3460609912872314 6
1580398906379 1.2364088296890259 7
1580398906439 1.2580337524414062 8
1580398906498 1.183101773262024 9
1580398906556 1.0955400466918945 10
1580398906615 1.1306629180908203 11
1580398906676 1.0398808717727661 12
1580398906735 0.9577878713607788 13
1580398906796 0.8510395288467407 14
1580398906856 0.8234592080116272 15
1580398906915 1.177156686782837 16
1580398906974 0.8879436254501343 17
1580398907034 0.6669889092445374 18
1580398907093 0.683851957321167 19
1580398907152 0.7922765016555786 20
1580398907211 0.742181658744812 21
1580398907272 0.8883454203605652 22
1580398907332 0.82345050573349 23
1580398907392 0.6131584048271179 24
1580398907453 0.48282212018966675 25
1580398907513 0.8392652273178101 26
1580398907573 0.4212612807750702 27
1580398907633 0.6964848041534424 28
1580398907695 0.6816767454147339 29
