1580398728632 0.23076923 0
1580398728687 0.15384616 1
1580398728742 0.30769232 2
1580398728797 0.30769232 3
1580398728853 0.46153846 4
1580398728908 0.3846154 5
1580398728963 0.30769232 6
1580398729018 0.53846157 7
1580398729073 0.3846154 8
1580398729129 0.6923077 9
1580398729184 0.53846157 10
1580398729239 0.30769232 11
1580398729294 0.30769232 12
1580398729350 0.3846154 13
1580398729405 0.6923077 14
1580398729462 0.7692308 15
1580398729518 0.6923077 16
1580398729574 0.53846157 17
1580398729638 0.6923077 18
1580398729698 0.6923077 19
1580398729756 0.61538464 20
1580398729813 0.7692308 21
1580398729871 0.7692308 22
1580398729927 0.61538464 23
1580398729984 0.7692308 24
1580398730041 0.9230769 25
1580398730099 0.84615386 26
1580398730156 0.53846157 27
1580398730214 0.84615386 28
1580398730270 0.84615386 29
