1580398728632 1.418951153755188 0
1580398728687 1.442577600479126 1
1580398728742 1.3710331916809082 2
1580398728797 1.3502063751220703 3
1580398728853 1.3011530637741089 4
1580398728908 1.2867302894592285 5
1580398728963 1.3560600280761719 6
1580398729018 1.2291613817214966 7
1580398729073 1.3708083629608154 8
1580398729129 1.1003941297531128 9
1580398729184 1.1912983655929565 10
1580398729239 1.3512177467346191 11
1580398729294 1.1248905658721924 12
1580398729350 1.247011423110962 13
1580398729405 1.0504597425460815 14
1580398729462 0.9167284369468689 15
1580398729518 0.9417352080345154 16
1580398729574 0.8971230387687683 17
1580398729638 0.7825923562049866 18
1580398729698 0.702023446559906 19
1580398729756 0.8996847867965698 20
1580398729813 0.6809640526771545 21
1580398729871 0.6577195525169373 22
1580398729927 0.7456626892089844 23
1580398729984 0.5507041215896606 24
1580398730041 0.5908831357955933 25
1580398730099 0.5307465195655823 26
1580398730156 0.7780038118362427 27
1580398730214 0.49354398250579834 28
1580398730270 0.5912741422653198 29
