1580398504940 0.46153846 0
1580398504985 0.23076923 1
1580398505035 0.3846154 2
1580398505084 0.23076923 3
1580398505135 0.53846157 4
1580398505186 0.53846157 5
1580398505236 0.30769232 6
1580398505287 0.23076923 7
1580398505337 0.3846154 8
1580398505388 0.53846157 9
1580398505440 0.30769232 10
1580398505492 0.46153846 11
1580398505543 0.53846157 12
1580398505595 0.15384616 13
1580398505647 0.30769232 14
1580398505699 0.30769232 15
1580398505749 0.15384616 16
1580398505798 0.30769232 17
1580398505849 0.23076923 18
1580398505900 0.23076923 19
1580398505951 0.30769232 20
1580398506002 0.30769232 21
1580398506054 0.30769232 22
1580398506105 0.30769232 23
1580398506157 0.30769232 24
1580398506209 0.30769232 25
1580398506262 0.30769232 26
1580398506315 0.30769232 27
1580398506368 0.30769232 28
1580398506420 0.30769232 29
