1580398504940 1.3563859462738037 0
1580398504985 1.3821653127670288 1
1580398505035 1.281539797782898 2
1580398505084 1.373573899269104 3
1580398505135 1.1846585273742676 4
1580398505186 1.2577065229415894 5
1580398505236 1.4282417297363281 6
1580398505287 1.7536927461624146 7
1580398505337 1.364734172821045 8
1580398505388 1.0647169351577759 9
1580398505440 1.7142243385314941 10
1580398505492 1.1974190473556519 11
1580398505543 1.3358465433120728 12
1580398505595 1.5963923931121826 13
1580398505647 1.5127472877502441 14
1580398505699 1.357790470123291 15
1580398505749 1.3932325839996338 16
1580398505798 1.3899041414260864 17
1580398505849 1.397352933883667 18
1580398505900 1.3873614072799683 19
1580398505951 1.3813190460205078 20
1580398506002 1.3803552389144897 21
1580398506054 1.381215214729309 22
1580398506105 1.3809406757354736 23
1580398506157 1.3795517683029175 24
1580398506209 1.378386378288269 25
1580398506262 1.3780295848846436 26
1580398506315 1.3781344890594482 27
1580398506368 1.378216028213501 28
1580398506420 1.3781218528747559 29
