1580456965726 0.3846154 0
1580456965783 0.30769232 1
1580456965844 0.53846157 2
1580456965907 0.30769232 3
1580456965969 0.53846157 4
1580456966034 0.61538464 5
1580456966132 0.3846154 6
1580456966225 0.23076923 7
1580456966318 0.53846157 8
1580456966410 0.61538464 9
1580456966503 0.53846157 10
1580456966595 0.6923077 11
1580456966688 0.7692308 12
1580456966779 0.84615386 13
1580456966872 0.61538464 14
1580456966964 0.61538464 15
1580456967056 0.9230769 16
1580456967149 0.7692308 17
1580456967243 0.61538464 18
1580456967336 0.9230769 19
1580456967430 0.61538464 20
1580456967524 0.53846157 21
1580456967618 0.7692308 22
1580456967711 0.7692308 23
1580456967806 0.84615386 24
1580456967900 0.9230769 25
1580456967994 0.84615386 26
1580456968088 0.9230769 27
1580456968182 0.84615386 28
1580456968277 0.9230769 29
