1580456965726 1.3693305253982544 0
1580456965783 1.3607099056243896 1
1580456965844 1.3217569589614868 2
1580456965907 1.336603045463562 3
1580456965969 1.2352261543273926 4
1580456966034 1.2444736957550049 5
1580456966132 1.2577059268951416 6
1580456966225 1.3493696451187134 7
1580456966318 1.0245541334152222 8
1580456966410 1.016859769821167 9
1580456966503 1.1135891675949097 10
1580456966595 0.860787034034729 11
1580456966688 0.8366572856903076 12
1580456966779 0.5891936421394348 13
1580456966872 0.9176386594772339 14
1580456966964 0.7324174642562866 15
1580456967056 0.6536527872085571 16
1580456967149 0.7375226616859436 17
1580456967243 0.9129704236984253 18
1580456967336 0.37368518114089966 19
1580456967430 0.8378969430923462 20
1580456967524 0.8039776086807251 21
1580456967618 0.40109920501708984 22
1580456967711 0.4723881483078003 23
1580456967806 0.5339368581771851 24
1580456967900 0.2564498484134674 25
1580456967994 0.41875573992729187 26
1580456968088 0.4371948838233948 27
1580456968182 0.3334358036518097 28
1580456968277 0.2031364142894745 29
