1580457017189 0.23076923 0
1580457017248 0.30769232 1
1580457017312 0.30769232 2
1580457017378 0.53846157 3
1580457017442 0.3846154 4
1580457017505 0.3846154 5
1580457017568 0.46153846 6
1580457017632 0.30769232 7
1580457017694 0.3846154 8
1580457017756 0.3846154 9
1580457017817 0.53846157 10
1580457017879 0.30769232 11
1580457017943 0.3846154 12
1580457018005 0.3846154 13
1580457018069 0.3846154 14
1580457018133 0.46153846 15
1580457018197 0.53846157 16
1580457018262 0.46153846 17
1580457018326 0.3846154 18
1580457018390 0.53846157 19
1580457018452 0.53846157 20
1580457018517 0.61538464 21
1580457018581 0.46153846 22
1580457018646 0.46153846 23
1580457018710 0.53846157 24
1580457018774 0.53846157 25
1580457018838 0.61538464 26
1580457018901 0.53846157 27
1580457018966 0.53846157 28
1580457019031 0.53846157 29
