1580457017189 1.397230625152588 0
1580457017248 1.374750018119812 1
1580457017312 1.3717302083969116 2
1580457017378 1.3544793128967285 3
1580457017442 1.3805590867996216 4
1580457017505 1.372455358505249 5
1580457017568 1.368322491645813 6
1580457017632 1.3795630931854248 7
1580457017694 1.3374671936035156 8
1580457017756 1.3264546394348145 9
1580457017817 1.3043951988220215 10
1580457017879 1.3220359086990356 11
1580457017943 1.3341538906097412 12
1580457018005 1.3051344156265259 13
1580457018069 1.2899221181869507 14
1580457018133 1.3344515562057495 15
1580457018197 1.273129940032959 16
1580457018262 1.341118574142456 17
1580457018326 1.2769883871078491 18
1580457018390 1.1766650676727295 19
1580457018452 1.2584351301193237 20
1580457018517 1.2686004638671875 21
1580457018581 1.1962964534759521 22
1580457018646 1.142714500427246 23
1580457018710 1.2244635820388794 24
1580457018774 1.1584569215774536 25
1580457018838 1.0993876457214355 26
1580457018901 1.1600868701934814 27
1580457018966 1.097366213798523 28
1580457019031 1.190128207206726 29
