1580398496300 0.46153846 0
1580398496345 0.46153846 1
1580398496395 0.15384616 2
1580398496444 0.3846154 3
1580398496494 0.46153846 4
1580398496543 0.7692308 5
1580398496592 0.30769232 6
1580398496641 0.61538464 7
1580398496690 0.46153846 8
1580398496740 0.6923077 9
1580398496791 0.61538464 10
1580398496843 0.6923077 11
1580398496892 0.6923077 12
1580398496942 0.7692308 13
1580398496992 0.6923077 14
1580398497044 0.6923077 15
1580398497094 0.7692308 16
1580398497144 0.6923077 17
1580398497195 0.6923077 18
1580398497246 0.7692308 19
1580398497296 0.9230769 20
1580398497346 0.9230769 21
1580398497398 0.84615386 22
1580398497451 0.6923077 23
1580398497501 0.6923077 24
1580398497553 0.84615386 25
1580398497603 0.6923077 26
1580398497655 0.84615386 27
1580398497707 0.6923077 28
1580398497759 0.9230769 29
