1580398496300 1.3611483573913574 0
1580398496345 5.873497486114502 1
1580398496395 17.629756927490234 2
1580398496444 2.4789514541625977 3
1580398496494 6.24424934387207 4
1580398496543 0.9354070425033569 5
1580398496592 1.3819817304611206 6
1580398496641 0.8209723830223083 7
1580398496690 1.2759088277816772 8
1580398496740 0.7941935658454895 9
1580398496791 0.7828699350357056 10
1580398496843 0.6753861904144287 11
1580398496892 0.6638839244842529 12
1580398496942 0.4431827664375305 13
1580398496992 0.5908151268959045 14
1580398497044 0.5714831948280334 15
1580398497094 0.569642186164856 16
1580398497144 0.6670904755592346 17
1580398497195 0.7222403287887573 18
1580398497246 0.43958303332328796 19
1580398497296 0.34501832723617554 20
1580398497346 0.2930651307106018 21
1580398497398 0.47977888584136963 22
1580398497451 0.7450664043426514 23
1580398497501 0.7496993541717529 24
1580398497553 0.1963556855916977 25
1580398497603 0.7321884632110596 26
1580398497655 0.3579224944114685 27
1580398497707 0.5201746821403503 28
1580398497759 0.38170063495635986 29
