1580398526395 0.3846154 0
1580398526442 0.3846154 1
1580398526493 0.53846157 2
1580398526543 0.30769232 3
1580398526592 0.46153846 4
1580398526642 0.3846154 5
1580398526692 0.30769232 6
1580398526741 0.30769232 7
1580398526791 0.46153846 8
1580398526842 0.53846157 9
1580398526894 0.46153846 10
1580398526946 0.61538464 11
1580398526996 0.6923077 12
1580398527047 0.6923077 13
1580398527097 0.53846157 14
1580398527147 0.6923077 15
1580398527196 0.6923077 16
1580398527246 0.53846157 17
1580398527297 0.46153846 18
1580398527350 0.7692308 19
1580398527430 0.6923077 20
1580398527507 0.61538464 21
1580398527587 0.7692308 22
1580398527664 0.84615386 23
1580398527741 0.53846157 24
1580398527818 0.7692308 25
1580398527893 0.7692308 26
1580398527970 0.9230769 27
1580398528050 0.7692308 28
1580398528125 0.9230769 29
