1580398526395 1.3693305253982544 0
1580398526442 1.3620644807815552 1
1580398526493 1.330708384513855 2
1580398526543 1.3466631174087524 3
1580398526592 1.2694735527038574 4
1580398526642 1.286705493927002 5
1580398526692 1.2998366355895996 6
1580398526741 1.3689987659454346 7
1580398526791 1.1419531106948853 8
1580398526842 1.1184941530227661 9
1580398526894 1.2219898700714111 10
1580398526946 1.0020021200180054 11
1580398526996 1.0033310651779175 12
1580398527047 0.8196362257003784 13
1580398527097 1.0309383869171143 14
1580398527147 0.8360812664031982 15
1580398527196 0.8853356838226318 16
1580398527246 0.8866227865219116 17
1580398527297 1.0832092761993408 18
1580398527350 0.6441352367401123 19
1580398527430 0.8068704605102539 20
1580398527507 0.861952543258667 21
1580398527587 0.5545761585235596 22
1580398527664 0.6191542744636536 23
1580398527741 0.7408036589622498 24
1580398527818 0.3968985676765442 25
1580398527893 0.5143629908561707 26
1580398527970 0.4796234369277954 27
1580398528050 0.4465222656726837 28
1580398528125 0.3740660846233368 29
