1580398754899 0.23076923 0
1580398754986 0.3846154 1
1580398755068 0.3846154 2
1580398755151 0.3846154 3
1580398755233 0.46153846 4
1580398755315 0.61538464 5
1580398755399 0.46153846 6
1580398755481 0.3846154 7
1580398755564 0.61538464 8
1580398755652 0.46153846 9
1580398755741 0.61538464 10
1580398755826 0.46153846 11
1580398755910 0.6923077 12
1580398755996 0.61538464 13
1580398756081 0.53846157 14
1580398756166 0.7692308 15
1580398756250 0.9230769 16
1580398756337 0.6923077 17
1580398756428 0.7692308 18
1580398756513 0.6923077 19
1580398756598 0.6923077 20
1580398756683 0.6923077 21
1580398756768 0.84615386 22
1580398756853 0.9230769 23
1580398756938 0.7692308 24
1580398757023 1.0 25
1580398757108 0.84615386 26
1580398757194 0.61538464 27
1580398757286 0.6923077 28
1580398757372 0.84615386 29
