1580398754899 1.4035923480987549 0
1580398754986 1.3647431135177612 1
1580398755068 1.3770105838775635 2
1580398755151 1.3909188508987427 3
1580398755233 1.2598870992660522 4
1580398755315 1.2095057964324951 5
1580398755399 1.229918122291565 6
1580398755481 1.2996132373809814 7
1580398755564 1.0068310499191284 8
1580398755652 1.0888035297393799 9
1580398755741 1.0106563568115234 10
1580398755826 1.0799330472946167 11
1580398755910 0.8121509552001953 12
1580398755996 1.0253403186798096 13
1580398756081 0.8704449534416199 14
1580398756166 0.5615784525871277 15
1580398756250 0.5058421492576599 16
1580398756337 0.7705969214439392 17
1580398756428 0.7431731820106506 18
1580398756513 0.6140286922454834 19
1580398756598 0.7315832376480103 20
1580398756683 0.7032098770141602 21
1580398756768 0.5765208601951599 22
1580398756853 0.33800560235977173 23
1580398756938 0.5160927176475525 24
1580398757023 0.22939667105674744 25
1580398757108 0.488281786441803 26
1580398757194 0.7309138178825378 27
1580398757286 0.5027055740356445 28
1580398757372 0.43172410130500793 29
