1580457022124 0.23076923 0
1580457022182 0.23076923 1
1580457022243 0.3846154 2
1580457022305 0.3846154 3
1580457022369 0.53846157 4
1580457022434 0.3846154 5
1580457022498 0.3846154 6
1580457022562 0.3846154 7
1580457022626 0.53846157 8
1580457022688 0.46153846 9
1580457022752 0.53846157 10
1580457022814 0.61538464 11
1580457022878 0.7692308 12
1580457022940 0.7692308 13
1580457023001 0.53846157 14
1580457023063 0.30769232 15
1580457023126 0.53846157 16
1580457023191 0.6923077 17
1580457023255 0.53846157 18
1580457023319 0.53846157 19
1580457023383 0.7692308 20
1580457023484 0.53846157 21
1580457023580 0.6923077 22
1580457023676 0.6923077 23
1580457023771 0.7692308 24
1580457023867 0.84615386 25
1580457023963 0.53846157 26
1580457024059 0.84615386 27
1580457024156 0.84615386 28
1580457024253 0.84615386 29
