1580457022124 1.4083023071289062 0
1580457022182 1.418894648551941 1
1580457022243 1.3615195751190186 2
1580457022305 1.3239182233810425 3
1580457022369 1.2766835689544678 4
1580457022434 1.31318199634552 5
1580457022498 1.4022337198257446 6
1580457022562 1.2767598628997803 7
1580457022626 1.200989842414856 8
1580457022688 1.068281650543213 9
1580457022752 1.1261024475097656 10
1580457022814 1.1729766130447388 11
1580457022878 0.9558410048484802 12
1580457022940 0.8041143417358398 13
1580457023001 1.0807907581329346 14
1580457023063 1.302767038345337 15
1580457023126 0.9670286774635315 16
1580457023191 0.8633381128311157 17
1580457023255 0.9827622175216675 18
1580457023319 0.8343149423599243 19
1580457023383 0.8589273691177368 20
1580457023484 0.7631844282150269 21
1580457023580 0.6576950550079346 22
1580457023676 0.6560801863670349 23
1580457023771 0.702034056186676 24
1580457023867 0.5318800210952759 25
1580457023963 0.7548647522926331 26
1580457024059 0.4695439040660858 27
1580457024156 0.5767006278038025 28
1580457024253 0.5593318343162537 29
