1580457001552 0.23076923 0
1580457001612 0.53846157 1
1580457001711 0.23076923 2
1580457001805 0.23076923 3
1580457001900 0.46153846 4
1580457001995 0.6923077 5
1580457002089 0.3846154 6
1580457002184 0.6923077 7
1580457002279 0.46153846 8
1580457002374 0.30769232 9
1580457002469 0.46153846 10
1580457002564 0.46153846 11
1580457002659 0.53846157 12
1580457002754 0.7692308 13
1580457002850 0.6923077 14
1580457002945 0.53846157 15
1580457003041 0.6923077 16
1580457003137 0.84615386 17
1580457003232 0.84615386 18
1580457003328 0.7692308 19
1580457003423 0.61538464 20
1580457003519 0.7692308 21
1580457003614 0.6923077 22
1580457003710 1.0 23
1580457003805 0.6923077 24
1580457003901 1.0 25
1580457003996 0.6923077 26
1580457004092 0.7692308 27
1580457004188 0.84615386 28
1580457004284 0.7692308 29
