1580457001552 1.3755193948745728 0
1580457001612 1.336953043937683 1
1580457001711 1.3933881521224976 2
1580457001805 1.3630702495574951 3
1580457001900 1.36343252658844 4
1580457001995 1.1560654640197754 5
1580457002089 1.2828387022018433 6
1580457002184 1.1259968280792236 7
1580457002279 1.147238850593567 8
1580457002374 1.2969439029693604 9
1580457002469 1.0033385753631592 10
1580457002564 1.017628788948059 11
1580457002659 1.1428883075714111 12
1580457002754 0.8640941381454468 13
1580457002850 0.8070638179779053 14
1580457002945 0.8480033874511719 15
1580457003041 0.7607831954956055 16
1580457003137 0.5085230469703674 17
1580457003232 0.5966264009475708 18
1580457003328 0.650783896446228 19
1580457003423 0.7436587810516357 20
1580457003519 0.5038207769393921 21
1580457003614 0.8498713374137878 22
1580457003710 0.26900866627693176 23
1580457003805 0.7064070105552673 24
1580457003901 0.32537567615509033 25
1580457003996 0.6693751811981201 26
1580457004092 0.6828120350837708 27
1580457004188 0.35346511006355286 28
1580457004284 0.4991997182369232 29
