1580456927549 0.46153846 0
1580456927604 0.46153846 1
1580456927666 0.23076923 2
1580456927728 0.53846157 3
1580456927791 0.53846157 4
1580456927854 0.53846157 5
1580456927918 0.6923077 6
1580456927982 0.61538464 7
1580456928046 0.53846157 8
1580456928109 0.61538464 9
1580456928172 0.6923077 10
1580456928233 0.61538464 11
1580456928294 0.46153846 12
1580456928356 0.46153846 13
1580456928417 0.46153846 14
1580456928479 0.53846157 15
1580456928541 0.53846157 16
1580456928605 0.3846154 17
1580456928667 0.46153846 18
1580456928730 0.6923077 19
1580456928793 0.3846154 20
1580456928855 0.46153846 21
1580456928917 0.53846157 22
1580456928982 0.3846154 23
1580456929045 0.46153846 24
1580456929109 0.6923077 25
1580456929172 0.61538464 26
1580456929235 0.30769232 27
1580456929298 0.53846157 28
1580456929360 0.53846157 29
