1580456927549 1.3611483573913574 0
1580456927604 118.89399719238281 1
1580456927666 434.4104309082031 2
1580456927728 54.42171096801758 3
1580456927791 18.079341888427734 4
1580456927854 22.606956481933594 5
1580456927918 0.9223015308380127 6
1580456927982 2.9344100952148438 7
1580456928046 9.21064567565918 8
1580456928109 0.9987767338752747 9
1580456928172 1.0674731731414795 10
1580456928233 1.4417916536331177 11
1580456928294 1.0779086351394653 12
1580456928356 1.646747350692749 13
1580456928417 1.1752008199691772 14
1580456928479 0.8059276938438416 15
1580456928541 0.9096810221672058 16
1580456928605 1.2890998125076294 17
1580456928667 1.08655846118927 18
1580456928730 0.5636423826217651 19
1580456928793 1.3317897319793701 20
1580456928855 1.1031171083450317 21
1580456928917 1.0216060876846313 22
1580456928982 1.082903504371643 23
1580456929045 0.9615358710289001 24
1580456929109 0.6093279719352722 25
1580456929172 0.8833520412445068 26
1580456929235 1.2886687517166138 27
1580456929298 0.7196198105812073 28
1580456929360 1.0752568244934082 29
