1580457128836 0.46153846 0
1580457128895 0.53846157 1
1580457128961 0.46153846 2
1580457129027 0.46153846 3
1580457129093 0.15384616 4
1580457129161 0.3846154 5
1580457129228 0.46153846 6
1580457129295 0.46153846 7
1580457129361 0.3846154 8
1580457129427 0.3846154 9
1580457129495 0.46153846 10
1580457129562 0.61538464 11
1580457129629 0.61538464 12
1580457129696 0.6923077 13
1580457129764 0.6923077 14
1580457129831 0.61538464 15
1580457129897 0.61538464 16
1580457129965 0.7692308 17
1580457130032 1.0 18
1580457130100 0.53846157 19
1580457130167 0.9230769 20
1580457130233 0.61538464 21
1580457130299 0.53846157 22
1580457130365 0.53846157 23
1580457130432 0.84615386 24
1580457130500 0.7692308 25
1580457130567 0.6923077 26
1580457130635 0.7692308 27
1580457130703 0.84615386 28
1580457130770 0.6923077 29
