1580457128836 1.3409672975540161 0
1580457128895 1.3269404172897339 1
1580457128961 1.3556088209152222 2
1580457129027 1.2958310842514038 3
1580457129093 1.4420254230499268 4
1580457129161 1.3476587533950806 5
1580457129228 1.2043886184692383 6
1580457129295 1.2132693529129028 7
1580457129361 1.1481915712356567 8
1580457129427 1.2663075923919678 9
1580457129495 1.0686441659927368 10
1580457129562 1.0407826900482178 11
1580457129629 0.975047767162323 12
1580457129696 0.8520380258560181 13
1580457129764 0.8525083065032959 14
1580457129831 0.8994817733764648 15
1580457129897 0.8236243724822998 16
1580457129965 0.7789676189422607 17
1580457130032 0.5331249237060547 18
1580457130100 0.7348909974098206 19
1580457130167 0.4340921640396118 20
1580457130233 0.7878448963165283 21
1580457130299 0.801390528678894 22
1580457130365 0.8514909148216248 23
1580457130432 0.46475282311439514 24
1580457130500 0.5681197643280029 25
1580457130567 0.675779402256012 26
1580457130635 0.5388866066932678 27
1580457130703 0.5152347087860107 28
1580457130770 0.5582945346832275 29
