1580398891322 0.30769232 0
1580398891376 0.30769232 1
1580398891435 0.15384616 2
1580398891493 0.53846157 3
1580398891553 0.53846157 4
1580398891611 0.46153846 5
1580398891670 0.30769232 6
1580398891729 0.3846154 7
1580398891788 0.46153846 8
1580398891846 0.61538464 9
1580398891905 0.46153846 10
1580398891964 0.61538464 11
1580398892023 0.53846157 12
1580398892082 0.84615386 13
1580398892141 0.3846154 14
1580398892199 0.53846157 15
1580398892258 0.53846157 16
1580398892317 0.3846154 17
1580398892376 0.61538464 18
1580398892435 0.84615386 19
1580398892494 0.9230769 20
1580398892553 0.61538464 21
1580398892612 0.7692308 22
1580398892671 0.6923077 23
1580398892731 0.7692308 24
1580398892790 0.9230769 25
1580398892850 0.84615386 26
1580398892909 0.84615386 27
1580398892969 0.9230769 28
1580398893028 0.7692308 29
