1580398891322 1.3747416734695435 0
1580398891376 1.3831061124801636 1
1580398891435 1.3899821043014526 2
1580398891493 1.3148466348648071 3
1580398891553 1.2937144041061401 4
1580398891611 1.2780368328094482 5
1580398891670 1.4645881652832031 6
1580398891729 1.3130040168762207 7
1580398891788 1.1604483127593994 8
1580398891846 1.1389105319976807 9
1580398891905 1.2664061784744263 10
1580398891964 1.1775768995285034 11
1580398892023 1.1306742429733276 12
1580398892082 0.8661030530929565 13
1580398892141 1.0442445278167725 14
1580398892199 1.0762118101119995 15
1580398892258 1.0934245586395264 16
1580398892317 1.3420072793960571 17
1580398892376 0.8583069443702698 18
1580398892435 0.7965916991233826 19
1580398892494 0.7253920435905457 20
1580398892553 0.8272502422332764 21
1580398892612 0.8495683073997498 22
1580398892671 0.755317747592926 23
1580398892731 0.7272558808326721 24
1580398892790 0.5333526134490967 25
1580398892850 0.6596869230270386 26
1580398892909 0.6179468631744385 27
1580398892969 0.533672034740448 28
1580398893028 0.5648424625396729 29
