1580398828007 0.23076923 0
1580398828058 0.61538464 1
1580398828115 0.23076923 2
1580398828175 0.61538464 3
1580398828234 0.53846157 4
1580398828294 0.46153846 5
1580398828352 0.3846154 6
1580398828412 0.3846154 7
1580398828468 0.46153846 8
1580398828526 0.61538464 9
1580398828584 0.46153846 10
1580398828641 0.6923077 11
1580398828699 0.61538464 12
1580398828757 0.6923077 13
1580398828815 0.53846157 14
1580398828872 0.61538464 15
1580398828929 0.61538464 16
1580398828986 0.6923077 17
1580398829043 0.7692308 18
1580398829102 0.61538464 19
1580398829159 0.6923077 20
1580398829217 0.61538464 21
1580398829274 0.9230769 22
1580398829334 0.84615386 23
1580398829394 0.84615386 24
1580398829451 0.7692308 25
1580398829511 0.84615386 26
1580398829568 0.7692308 27
1580398829628 0.9230769 28
1580398829688 0.6923077 29
