1580398828007 1.4021267890930176 0
1580398828058 1.3235538005828857 1
1580398828115 1.3650174140930176 2
1580398828175 1.2960950136184692 3
1580398828234 1.2509827613830566 4
1580398828294 1.2150746583938599 5
1580398828352 1.366951584815979 6
1580398828412 1.3258414268493652 7
1580398828468 1.233973741531372 8
1580398828526 1.2224928140640259 9
1580398828584 1.2074774503707886 10
1580398828641 0.9439671039581299 11
1580398828699 0.949119508266449 12
1580398828757 0.9081214070320129 13
1580398828815 1.0306923389434814 14
1580398828872 0.8667606711387634 15
1580398828929 0.8789918422698975 16
1580398828986 0.7842856049537659 17
1580398829043 0.7122208476066589 18
1580398829102 0.9254907369613647 19
1580398829159 0.8574570417404175 20
1580398829217 0.8730106353759766 21
1580398829274 0.5318085551261902 22
1580398829334 0.5480492115020752 23
1580398829394 0.4990839958190918 24
1580398829451 0.49152299761772156 25
1580398829511 0.37361958622932434 26
1580398829568 0.4933077096939087 27
1580398829628 0.3505432903766632 28
1580398829688 0.5256798267364502 29
