1580398716049 0.23076923 0
1580398716104 0.23076923 1
1580398716160 0.61538464 2
1580398716214 0.3846154 3
1580398716268 0.61538464 4
1580398716323 0.23076923 5
1580398716378 0.30769232 6
1580398716432 0.53846157 7
1580398716487 0.53846157 8
1580398716542 0.46153846 9
1580398716601 0.61538464 10
1580398716687 0.61538464 11
1580398716769 0.53846157 12
1580398716853 0.61538464 13
1580398716937 0.6923077 14
1580398717021 0.7692308 15
1580398717105 0.61538464 16
1580398717189 0.7692308 17
1580398717272 0.61538464 18
1580398717355 0.84615386 19
1580398717437 0.46153846 20
1580398717520 0.61538464 21
1580398717604 0.9230769 22
1580398717687 0.61538464 23
1580398717771 0.9230769 24
1580398717855 0.7692308 25
1580398717939 0.84615386 26
1580398718023 0.9230769 27
1580398718108 0.84615386 28
1580398718192 0.84615386 29
