1580398716049 1.3858643770217896 0
1580398716104 1.3584322929382324 1
1580398716160 1.279213547706604 2
1580398716214 1.3564534187316895 3
1580398716268 1.1737563610076904 4
1580398716323 1.27311110496521 5
1580398716378 1.1600558757781982 6
1580398716432 1.2441256046295166 7
1580398716487 1.1647963523864746 8
1580398716542 1.0528396368026733 9
1580398716601 0.9868965148925781 10
1580398716687 1.1722768545150757 11
1580398716769 0.9966498613357544 12
1580398716853 0.9383893609046936 13
1580398716937 0.692477822303772 14
1580398717021 0.7900879979133606 15
1580398717105 0.7533066868782043 16
1580398717189 0.699397623538971 17
1580398717272 0.6890721917152405 18
1580398717355 0.5315030813217163 19
1580398717437 1.1506329774856567 20
1580398717520 0.6905497908592224 21
1580398717604 0.5498286485671997 22
1580398717687 0.7406182885169983 23
1580398717771 0.4308590292930603 24
1580398717855 0.6168715357780457 25
1580398717939 0.4682685434818268 26
1580398718023 0.32530900835990906 27
1580398718108 0.4907958209514618 28
1580398718192 0.37771543860435486 29
