1580398874095 0.46153846 0
1580398874148 0.30769232 1
1580398874206 0.53846157 2
1580398874265 0.15384616 3
1580398874359 0.3846154 4
1580398874449 0.30769232 5
1580398874540 0.53846157 6
1580398874629 0.30769232 7
1580398874718 0.46153846 8
1580398874807 0.3846154 9
1580398874897 0.46153846 10
1580398874987 0.46153846 11
1580398875077 0.53846157 12
1580398875168 0.61538464 13
1580398875258 0.6923077 14
1580398875348 0.84615386 15
1580398875438 0.6923077 16
1580398875528 0.7692308 17
1580398875619 0.53846157 18
1580398875709 0.6923077 19
1580398875800 0.7692308 20
1580398875890 0.6923077 21
1580398875980 0.61538464 22
1580398876071 0.7692308 23
1580398876162 0.84615386 24
1580398876253 0.7692308 25
1580398876344 0.7692308 26
1580398876436 0.9230769 27
1580398876527 0.9230769 28
1580398876618 0.9230769 29
