1580398874095 1.348563313484192 0
1580398874148 1.3547250032424927 1
1580398874206 1.3075294494628906 2
1580398874265 1.3808960914611816 3
1580398874359 1.2762813568115234 4
1580398874449 1.217679500579834 5
1580398874540 1.128180980682373 6
1580398874629 1.299208164215088 7
1580398874718 1.1519429683685303 8
1580398874807 1.2261803150177002 9
1580398874897 1.1137773990631104 10
1580398874987 1.316947340965271 11
1580398875077 1.0932562351226807 12
1580398875168 1.0002080202102661 13
1580398875258 0.929618239402771 14
1580398875348 0.8279632329940796 15
1580398875438 0.7422815561294556 16
1580398875528 0.6814937591552734 17
1580398875619 0.864827036857605 18
1580398875709 0.6175368428230286 19
1580398875800 0.569172739982605 20
1580398875890 0.6261115670204163 21
1580398875980 0.7246738076210022 22
1580398876071 0.653919517993927 23
1580398876162 0.44063153862953186 24
1580398876253 0.5529819130897522 25
1580398876344 0.48512253165245056 26
1580398876436 0.4626062214374542 27
1580398876527 0.4212828278541565 28
1580398876618 0.28986862301826477 29
