1580394032811 0.07692308 0
1580394032855 0.23076923 1
1580394032904 0.07692308 2
1580394032979 0.30769232 3
1580394033054 0.3846154 4
1580394033125 0.3846154 5
1580394033199 0.15384616 6
1580394033268 0.23076923 7
1580394033337 0.30769232 8
1580394033406 0.07692308 9
1580394033476 0.23076923 10
1580394033552 0.15384616 11
1580394033623 0.07692308 12
1580394033695 0.30769232 13
1580394033766 0.3846154 14
1580394033837 0.30769232 15
1580394033908 0.30769232 16
1580394033980 0.3846154 17
1580394034052 0.15384616 18
1580394034123 0.30769232 19
1580394034195 0.23076923 20
1580394034266 0.0 21
1580394034338 0.15384616 22
1580394034409 0.46153846 23
1580394034481 0.30769232 24
1580394034553 0.23076923 25
1580394034628 0.23076923 26
1580394034698 0.07692308 27
1580394034769 0.23076923 28
1580394034840 0.3846154 29
