1580394032811 1.5326253175735474 0
1580394032855 1.3696173429489136 1
1580394032904 1.4523165225982666 2
1580394032979 1.3959648609161377 3
1580394033054 1.3992726802825928 4
1580394033125 1.3991292715072632 5
1580394033199 1.4199004173278809 6
1580394033268 1.4289366006851196 7
1580394033337 1.4316518306732178 8
1580394033406 1.5525619983673096 9
1580394033476 1.3559991121292114 10
1580394033552 1.4027131795883179 11
1580394033623 1.3876519203186035 12
1580394033695 1.3947501182556152 13
1580394033766 1.3405060768127441 14
1580394033837 1.3579357862472534 15
1580394033908 1.3620963096618652 16
1580394033980 1.3823450803756714 17
1580394034052 1.4666590690612793 18
1580394034123 1.32634437084198 19
1580394034195 1.3991758823394775 20
1580394034266 1.5077836513519287 21
1580394034338 1.4789141416549683 22
1580394034409 1.410994291305542 23
1580394034481 1.3743466138839722 24
1580394034553 1.4047688245773315 25
1580394034628 1.4188625812530518 26
1580394034698 1.4563407897949219 27
1580394034769 1.4320976734161377 28
1580394034840 1.3317859172821045 29
