1580398629151 0.23076923 0
1580398629203 0.23076923 1
1580398629257 0.15384616 2
1580398629311 0.30769232 3
1580398629364 0.53846157 4
1580398629416 0.53846157 5
1580398629469 0.53846157 6
1580398629523 0.61538464 7
1580398629577 0.6923077 8
1580398629630 0.6923077 9
1580398629683 0.3846154 10
1580398629738 0.3846154 11
1580398629823 0.53846157 12
1580398629902 0.6923077 13
1580398629983 0.6923077 14
1580398630067 0.6923077 15
1580398630147 0.53846157 16
1580398630236 0.84615386 17
1580398630320 0.84615386 18
1580398630400 0.7692308 19
1580398630481 0.6923077 20
1580398630560 0.7692308 21
1580398630640 0.61538464 22
1580398630727 0.61538464 23
1580398630807 0.6923077 24
1580398630887 0.7692308 25
1580398630966 0.61538464 26
1580398631046 0.6923077 27
1580398631126 0.61538464 28
1580398631206 0.84615386 29
