1580398629151 1.3968614339828491 0
1580398629203 1.388502597808838 1
1580398629257 1.3328927755355835 2
1580398629311 1.3811722993850708 3
1580398629364 1.2034331560134888 4
1580398629416 1.1990089416503906 5
1580398629469 1.2154978513717651 6
1580398629523 1.0703343152999878 7
1580398629577 0.9710514545440674 8
1580398629630 1.081619381904602 9
1580398629683 1.0772563219070435 10
1580398629738 1.1141374111175537 11
1580398629823 0.9589411616325378 12
1580398629902 0.8654046654701233 13
1580398629983 0.8086405992507935 14
1580398630067 0.6958510279655457 15
1580398630147 0.7325779795646667 16
1580398630236 0.3873632848262787 17
1580398630320 0.38562899827957153 18
1580398630400 0.6648024320602417 19
1580398630481 0.6871100664138794 20
1580398630560 1.0825426578521729 21
1580398630640 1.1832355260849 22
1580398630727 0.8589540123939514 23
1580398630807 0.9518455862998962 24
1580398630887 0.5481709837913513 25
1580398630966 1.131816029548645 26
1580398631046 0.7934876084327698 27
1580398631126 0.8845309615135193 28
1580398631206 0.6752926111221313 29
