1580398673951 0.23076923 0
1580398674000 0.30769232 1
1580398674053 0.53846157 2
1580398674107 0.3846154 3
1580398674161 0.30769232 4
1580398674215 0.3846154 5
1580398674269 0.23076923 6
1580398674326 0.53846157 7
1580398674377 0.6923077 8
1580398674463 0.6923077 9
1580398674545 0.46153846 10
1580398674627 0.61538464 11
1580398674710 0.9230769 12
1580398674791 0.7692308 13
1580398674872 0.7692308 14
1580398674953 0.61538464 15
1580398675034 0.46153846 16
1580398675116 0.6923077 17
1580398675200 0.84615386 18
1580398675288 0.6923077 19
1580398675371 0.84615386 20
1580398675454 0.84615386 21
1580398675538 0.84615386 22
1580398675622 0.9230769 23
1580398675705 0.84615386 24
1580398675789 0.84615386 25
1580398675873 0.84615386 26
1580398675958 0.7692308 27
1580398676042 0.7692308 28
1580398676126 0.61538464 29
