1580398673951 1.350006103515625 0
1580398674000 1.3862156867980957 1
1580398674053 1.2879588603973389 2
1580398674107 1.3209426403045654 3
1580398674161 1.3279988765716553 4
1580398674215 1.4250905513763428 5
1580398674269 1.4209550619125366 6
1580398674326 1.1784285306930542 7
1580398674377 1.0195120573043823 8
1580398674463 1.0438588857650757 9
1580398674545 0.9989069700241089 10
1580398674627 0.9023597240447998 11
1580398674710 0.5686432123184204 12
1580398674791 0.5644758939743042 13
1580398674872 0.7671931982040405 14
1580398674953 0.6964884400367737 15
1580398675034 1.226760745048523 16
1580398675116 0.9509118795394897 17
1580398675200 0.5010219812393188 18
1580398675288 0.7067111730575562 19
1580398675371 0.6161634922027588 20
1580398675454 0.4710821807384491 21
1580398675538 0.48878714442253113 22
1580398675622 0.489048033952713 23
1580398675705 0.5109673738479614 24
1580398675789 0.32272869348526 25
1580398675873 0.35643279552459717 26
1580398675958 0.4966563880443573 27
1580398676042 0.598960816860199 28
1580398676126 0.7002569437026978 29
