1580456934862 0.23076923 0
1580456934952 0.23076923 1
1580456935041 0.46153846 2
1580456935133 0.30769232 3
1580456935223 0.61538464 4
1580456935313 0.53846157 5
1580456935403 0.3846154 6
1580456935493 0.61538464 7
1580456935583 0.61538464 8
1580456935674 0.46153846 9
1580456935764 0.30769232 10
1580456935855 0.53846157 11
1580456935946 0.53846157 12
1580456936036 0.3846154 13
1580456936127 0.61538464 14
1580456936218 0.6923077 15
1580456936309 0.61538464 16
1580456936400 0.53846157 17
1580456936491 0.61538464 18
1580456936582 0.46153846 19
1580456936674 0.53846157 20
1580456936765 0.61538464 21
1580456936857 0.53846157 22
1580456936950 0.61538464 23
1580456937042 0.7692308 24
1580456937138 0.46153846 25
1580456937230 0.7692308 26
1580456937322 0.46153846 27
1580456937414 0.46153846 28
1580456937508 0.61538464 29
