1580456934862 1.383168339729309 0
1580456934952 58.27523422241211 1
1580456935041 109.8114013671875 2
1580456935133 51.47815704345703 3
1580456935223 14.746469497680664 4
1580456935313 8.69653606414795 5
1580456935403 12.347344398498535 6
1580456935493 1.1981216669082642 7
1580456935583 0.808037519454956 8
1580456935674 20.480419158935547 9
1580456935764 2.8491768836975098 10
1580456935855 1.3220694065093994 11
1580456935946 0.8388535380363464 12
1580456936036 1.111248254776001 13
1580456936127 0.8402881622314453 14
1580456936218 0.7178827524185181 15
1580456936309 0.9433454275131226 16
1580456936400 1.0214860439300537 17
1580456936491 0.7094399333000183 18
1580456936582 1.1461859941482544 19
1580456936674 0.905123770236969 20
1580456936765 0.6228065490722656 21
1580456936857 0.9109958410263062 22
1580456936950 0.7578092813491821 23
1580456937042 0.5718006491661072 24
1580456937138 1.2576531171798706 25
1580456937230 0.629562497138977 26
1580456937322 1.1656321287155151 27
1580456937414 1.0550646781921387 28
1580456937508 0.7069545388221741 29
