1580457103765 0.30769232 0
1580457103823 0.23076923 1
1580457103888 0.53846157 2
1580457103954 0.3846154 3
1580457104019 0.30769232 4
1580457104084 0.30769232 5
1580457104149 0.3846154 6
1580457104215 0.53846157 7
1580457104283 0.53846157 8
1580457104385 0.53846157 9
1580457104481 0.46153846 10
1580457104577 0.46153846 11
1580457104673 0.61538464 12
1580457104770 0.61538464 13
1580457104867 0.6923077 14
1580457104964 0.46153846 15
1580457105063 0.7692308 16
1580457105161 0.7692308 17
1580457105259 0.7692308 18
1580457105357 0.61538464 19
1580457105455 0.84615386 20
1580457105553 0.84615386 21
1580457105651 0.7692308 22
1580457105750 0.9230769 23
1580457105848 0.6923077 24
1580457105946 0.6923077 25
1580457106045 0.6923077 26
1580457106143 0.6923077 27
1580457106242 0.9230769 28
1580457106341 0.9230769 29
