1580457103765 1.3888322114944458 0
1580457103823 1.383203387260437 1
1580457103888 1.3123079538345337 2
1580457103954 1.3529775142669678 3
1580457104019 1.3700593709945679 4
1580457104084 1.440368890762329 5
1580457104149 1.3168984651565552 6
1580457104215 1.2181159257888794 7
1580457104283 1.1808505058288574 8
1580457104385 1.1529886722564697 9
1580457104481 1.200031042098999 10
1580457104577 1.2794843912124634 11
1580457104673 0.9797208309173584 12
1580457104770 1.0767465829849243 13
1580457104867 0.932010293006897 14
1580457104964 1.024029016494751 15
1580457105063 0.9038174152374268 16
1580457105161 0.7338970899581909 17
1580457105259 0.7447113394737244 18
1580457105357 0.7209799289703369 19
1580457105455 0.7292112708091736 20
1580457105553 0.7276991605758667 21
1580457105651 0.6022779941558838 22
1580457105750 0.5197607278823853 23
1580457105848 0.7894285917282104 24
1580457105946 0.6431474089622498 25
1580457106045 0.6441678404808044 26
1580457106143 0.6447504758834839 27
1580457106242 0.41769886016845703 28
1580457106341 0.4049668610095978 29
