1580456918584 0.30769232 0
1580456918641 0.23076923 1
1580456918704 0.30769232 2
1580456918766 0.30769232 3
1580456918828 0.30769232 4
1580456918890 0.30769232 5
1580456918949 0.53846157 6
1580456919012 0.3846154 7
1580456919073 0.3846154 8
1580456919135 0.53846157 9
1580456919197 0.53846157 10
1580456919259 0.3846154 11
1580456919320 0.46153846 12
1580456919380 0.53846157 13
1580456919442 0.61538464 14
1580456919501 0.7692308 15
1580456919561 0.6923077 16
1580456919616 0.61538464 17
1580456919676 0.7692308 18
1580456919739 0.7692308 19
1580456919836 0.61538464 20
1580456919928 0.7692308 21
1580456920020 0.6923077 22
1580456920112 0.84615386 23
1580456920204 0.84615386 24
1580456920296 0.7692308 25
1580456920391 0.7692308 26
1580456920483 0.6923077 27
1580456920574 0.3846154 28
1580456920667 0.6923077 29
