1580456918584 1.383818507194519 0
1580456918641 1.420579433441162 1
1580456918704 1.3680909872055054 2
1580456918766 1.3862515687942505 3
1580456918828 1.3370031118392944 4
1580456918890 1.293658971786499 5
1580456918949 1.2213196754455566 6
1580456919012 1.183633804321289 7
1580456919073 1.1840729713439941 8
1580456919135 1.0301461219787598 9
1580456919197 1.1639665365219116 10
1580456919259 1.3019421100616455 11
1580456919320 1.167400598526001 12
1580456919380 0.9993927478790283 13
1580456919442 0.923233687877655 14
1580456919501 0.8647613525390625 15
1580456919561 0.9197402596473694 16
1580456919616 0.9248244762420654 17
1580456919676 0.7083635926246643 18
1580456919739 0.5904678106307983 19
1580456919836 0.8754755258560181 20
1580456919928 0.5020648241043091 21
1580456920020 0.5479060411453247 22
1580456920112 0.5475800037384033 23
1580456920204 0.37236517667770386 24
1580456920296 0.516091525554657 25
1580456920391 0.46636030077934265 26
1580456920483 0.5183809995651245 27
1580456920574 1.1970475912094116 28
1580456920667 0.7406682372093201 29
