1580457091422 0.30769232 0
1580457091481 0.23076923 1
1580457091547 0.15384616 2
1580457091612 0.3846154 3
1580457091675 0.3846154 4
1580457091738 0.46153846 5
1580457091804 0.3846154 6
1580457091867 0.3846154 7
1580457091935 0.3846154 8
1580457092002 0.3846154 9
1580457092068 0.53846157 10
1580457092134 0.61538464 11
1580457092200 0.53846157 12
1580457092266 0.46153846 13
1580457092332 0.46153846 14
1580457092398 0.3846154 15
1580457092465 0.46153846 16
1580457092532 0.6923077 17
1580457092598 0.53846157 18
1580457092664 0.61538464 19
1580457092731 0.6923077 20
1580457092798 0.7692308 21
1580457092865 0.7692308 22
1580457092932 0.61538464 23
1580457093001 1.0 24
1580457093103 0.7692308 25
1580457093209 0.46153846 26
1580457093307 0.6923077 27
1580457093406 0.6923077 28
1580457093504 0.6923077 29
