1580457091422 1.3506611585617065 0
1580457091481 1.3695582151412964 1
1580457091547 1.4017434120178223 2
1580457091612 1.4290448427200317 3
1580457091675 1.375749111175537 4
1580457091738 1.3395321369171143 5
1580457091804 1.295093297958374 6
1580457091867 1.291943073272705 7
1580457091935 1.3344776630401611 8
1580457092002 1.2527750730514526 9
1580457092068 1.2103135585784912 10
1580457092134 1.2398320436477661 11
1580457092200 1.1813819408416748 12
1580457092266 1.2284681797027588 13
1580457092332 1.1946265697479248 14
1580457092398 1.110324740409851 15
1580457092465 1.1769291162490845 16
1580457092532 1.104262113571167 17
1580457092598 1.077667236328125 18
1580457092664 1.0176187753677368 19
1580457092731 0.8953237533569336 20
1580457092798 0.8383936285972595 21
1580457092865 0.8763554692268372 22
1580457092932 0.8832125067710876 23
1580457093001 0.7563485503196716 24
1580457093103 0.9374539256095886 25
1580457093209 0.938576340675354 26
1580457093307 0.8579511642456055 27
1580457093406 0.7363300323486328 28
1580457093504 0.6880159378051758 29
