1580398486760 0.23076923 0
1580398486806 0.30769232 1
1580398486855 0.30769232 2
1580398486905 0.3846154 3
1580398486954 0.3846154 4
1580398487004 0.30769232 5
1580398487054 0.3846154 6
1580398487103 0.6923077 7
1580398487153 0.53846157 8
1580398487203 0.6923077 9
1580398487254 0.7692308 10
1580398487305 0.84615386 11
1580398487356 0.53846157 12
1580398487406 0.6923077 13
1580398487455 0.61538464 14
1580398487505 0.7692308 15
1580398487554 0.9230769 16
1580398487604 0.61538464 17
1580398487654 0.6923077 18
1580398487704 0.6923077 19
1580398487753 0.61538464 20
1580398487803 0.84615386 21
1580398487852 0.7692308 22
1580398487902 0.6923077 23
1580398487952 0.61538464 24
1580398488002 0.53846157 25
1580398488051 0.46153846 26
1580398488101 0.53846157 27
1580398488151 0.53846157 28
1580398488201 0.53846157 29
