1580398486760 1.4165928363800049 0
1580398486806 56.43021774291992 1
1580398486855 119.44331359863281 2
1580398486905 47.55694580078125 3
1580398486954 14.623169898986816 4
1580398487004 9.85700798034668 5
1580398487054 2.9218649864196777 6
1580398487103 0.893203616142273 7
1580398487153 0.9027119278907776 8
1580398487203 1.2726681232452393 9
1580398487254 0.6352514028549194 10
1580398487305 0.5309402346611023 11
1580398487356 0.9853209257125854 12
1580398487406 0.46868768334388733 13
1580398487455 0.8065161108970642 14
1580398487505 0.5853837728500366 15
1580398487554 0.35401105880737305 16
1580398487604 0.7910977005958557 17
1580398487654 0.5624243021011353 18
1580398487704 0.6167590618133545 19
1580398487753 0.8735263347625732 20
1580398487803 0.3641476333141327 21
1580398487852 0.4683907926082611 22
1580398487902 0.785982072353363 23
1580398487952 0.9229170083999634 24
1580398488002 0.9159266948699951 25
1580398488051 0.8346471786499023 26
1580398488101 0.9811242818832397 27
1580398488151 0.8209898471832275 28
1580398488201 0.9347231388092041 29
