1580398864860 0.07692308 0
1580398864913 0.30769232 1
1580398864971 0.23076923 2
1580398865029 0.3846154 3
1580398865087 0.30769232 4
1580398865147 0.46153846 5
1580398865206 0.46153846 6
1580398865265 0.61538464 7
1580398865323 0.46153846 8
1580398865382 0.3846154 9
1580398865440 0.3846154 10
1580398865498 0.61538464 11
1580398865556 0.46153846 12
1580398865614 0.53846157 13
1580398865672 0.61538464 14
1580398865730 0.46153846 15
1580398865790 0.6923077 16
1580398865848 0.7692308 17
1580398865906 0.61538464 18
1580398865965 0.7692308 19
1580398866023 0.61538464 20
1580398866081 0.61538464 21
1580398866140 0.7692308 22
1580398866198 0.9230769 23
1580398866256 0.6923077 24
1580398866315 0.7692308 25
1580398866374 0.84615386 26
1580398866433 1.0 27
1580398866491 0.9230769 28
1580398866551 0.84615386 29
