1580398864860 1.3994460105895996 0
1580398864913 1.3801766633987427 1
1580398864971 1.3641648292541504 2
1580398865029 1.297937273979187 3
1580398865087 1.2806826829910278 4
1580398865147 1.3036783933639526 5
1580398865206 1.1719201803207397 6
1580398865265 1.1864590644836426 7
1580398865323 1.1754353046417236 8
1580398865382 1.2282761335372925 9
1580398865440 1.1669870615005493 10
1580398865498 1.0201281309127808 11
1580398865556 1.0526282787322998 12
1580398865614 0.9824540019035339 13
1580398865672 0.9158885478973389 14
1580398865730 0.936515748500824 15
1580398865790 0.7590128183364868 16
1580398865848 0.7891746163368225 17
1580398865906 0.835102379322052 18
1580398865965 0.5815138220787048 19
1580398866023 0.7286802530288696 20
1580398866081 0.8225316405296326 21
1580398866140 0.5755195021629333 22
1580398866198 0.5312084555625916 23
1580398866256 0.5141717195510864 24
1580398866315 0.43685105443000793 25
1580398866374 0.5507871508598328 26
1580398866433 0.38021814823150635 27
1580398866491 0.44280102849006653 28
1580398866551 0.5181087255477905 29
