1580398871596 0.3846154 0
1580398871649 0.3846154 1
1580398871711 0.15384616 2
1580398871771 0.3846154 3
1580398871832 0.3846154 4
1580398871891 0.46153846 5
1580398871950 0.46153846 6
1580398872008 0.53846157 7
1580398872066 0.61538464 8
1580398872127 0.9230769 9
1580398872186 1.0 10
1580398872245 0.84615386 11
1580398872304 0.7692308 12
1580398872362 0.6923077 13
1580398872423 0.6923077 14
1580398872483 0.6923077 15
1580398872544 0.53846157 16
1580398872605 0.6923077 17
1580398872666 0.46153846 18
1580398872726 0.61538464 19
1580398872786 0.61538464 20
1580398872847 0.7692308 21
1580398872908 0.9230769 22
1580398872970 0.46153846 23
1580398873033 0.6923077 24
1580398873127 0.84615386 25
1580398873217 1.0 26
1580398873308 1.0 27
1580398873399 0.6923077 28
1580398873490 0.6923077 29
