1580398871596 1.365042805671692 0
1580398871649 6.261040210723877 1
1580398871711 29.474853515625 2
1580398871771 14.093057632446289 3
1580398871832 5.958219528198242 4
1580398871891 3.336806058883667 5
1580398871950 1.9601073265075684 6
1580398872008 1.8890964984893799 7
1580398872066 1.592193365097046 8
1580398872127 0.4714154601097107 9
1580398872186 0.1289777159690857 10
1580398872245 0.4272993505001068 11
1580398872304 0.4896129369735718 12
1580398872362 0.6967496275901794 13
1580398872423 0.4839797019958496 14
1580398872483 0.7537609934806824 15
1580398872544 0.7445732355117798 16
1580398872605 0.5675498247146606 17
1580398872666 1.371399164199829 18
1580398872726 0.743813157081604 19
1580398872786 0.8056066036224365 20
1580398872847 0.6877723932266235 21
1580398872908 0.300251305103302 22
1580398872970 0.8101575374603271 23
1580398873033 0.7126661539077759 24
1580398873127 0.43574434518814087 25
1580398873217 0.3037680387496948 26
1580398873308 0.16308161616325378 27
1580398873399 0.7383650541305542 28
1580398873490 0.7523210048675537 29
