1580398835077 0.23076923 0
1580398835135 0.30769232 1
1580398835192 0.3846154 2
1580398835249 0.61538464 3
1580398835306 0.46153846 4
1580398835363 0.23076923 5
1580398835420 0.3846154 6
1580398835477 0.30769232 7
1580398835534 0.23076923 8
1580398835591 0.3846154 9
1580398835648 0.7692308 10
1580398835706 0.46153846 11
1580398835763 0.53846157 12
1580398835823 0.61538464 13
1580398835880 0.61538464 14
1580398835938 0.53846157 15
1580398835996 0.61538464 16
1580398836054 0.7692308 17
1580398836111 0.84615386 18
1580398836168 0.46153846 19
1580398836228 0.6923077 20
1580398836288 0.9230769 21
1580398836347 0.6923077 22
1580398836406 0.9230769 23
1580398836466 0.9230769 24
1580398836525 1.0 25
1580398836583 0.6923077 26
1580398836642 0.84615386 27
1580398836701 0.7692308 28
1580398836760 0.84615386 29
