1580398835077 1.4138692617416382 0
1580398835135 1.3997679948806763 1
1580398835192 1.397422194480896 2
1580398835249 1.309950590133667 3
1580398835306 1.269844889640808 4
1580398835363 1.3304417133331299 5
1580398835420 1.3055952787399292 6
1580398835477 1.3180584907531738 7
1580398835534 1.3176261186599731 8
1580398835591 1.3152260780334473 9
1580398835648 1.0955692529678345 10
1580398835706 1.1973665952682495 11
1580398835763 1.0224474668502808 12
1580398835823 1.0149394273757935 13
1580398835880 0.856688916683197 14
1580398835938 0.8515636920928955 15
1580398835996 0.8172898888587952 16
1580398836054 0.6473662853240967 17
1580398836111 0.4952966272830963 18
1580398836168 0.8751647472381592 19
1580398836228 0.6135770082473755 20
1580398836288 0.5190985202789307 21
1580398836347 0.6160256266593933 22
1580398836406 0.4228806495666504 23
1580398836466 0.41593778133392334 24
1580398836525 0.5140765309333801 25
1580398836583 0.5860884189605713 26
1580398836642 0.5358970165252686 27
1580398836701 0.4349870979785919 28
1580398836760 0.4067288041114807 29
