1580398936264 0.07692308 0
1580398936318 0.30769232 1
1580398936377 0.53846157 2
1580398936437 0.46153846 3
1580398936496 0.30769232 4
1580398936555 0.46153846 5
1580398936614 0.46153846 6
1580398936673 0.23076923 7
1580398936732 0.6923077 8
1580398936795 0.30769232 9
1580398936889 0.46153846 10
1580398936979 0.3846154 11
1580398937069 0.61538464 12
1580398937160 0.53846157 13
1580398937250 0.53846157 14
1580398937340 0.61538464 15
1580398937430 0.61538464 16
1580398937521 0.6923077 17
1580398937611 0.7692308 18
1580398937703 0.7692308 19
1580398937794 0.46153846 20
1580398937886 0.84615386 21
1580398937978 0.6923077 22
1580398938070 0.7692308 23
1580398938162 0.61538464 24
1580398938255 0.6923077 25
1580398938347 0.6923077 26
1580398938440 0.84615386 27
1580398938533 0.9230769 28
1580398938626 0.9230769 29
