1580398936264 1.3915367126464844 0
1580398936318 1.3852994441986084 1
1580398936377 1.3033150434494019 2
1580398936437 1.2887992858886719 3
1580398936496 1.3645457029342651 4
1580398936555 1.2541444301605225 5
1580398936614 1.2214491367340088 6
1580398936673 1.3275915384292603 7
1580398936732 1.100976586341858 8
1580398936795 1.2332019805908203 9
1580398936889 1.1428686380386353 10
1580398936979 1.1125648021697998 11
1580398937069 1.1154975891113281 12
1580398937160 1.0154857635498047 13
1580398937250 1.042374849319458 14
1580398937340 0.9463873505592346 15
1580398937430 0.8782371878623962 16
1580398937521 0.7367713451385498 17
1580398937611 0.7106167674064636 18
1580398937703 0.6216052174568176 19
1580398937794 0.8061613440513611 20
1580398937886 0.5683851838111877 21
1580398937978 0.5401155948638916 22
1580398938070 0.7558507919311523 23
1580398938162 1.0169678926467896 24
1580398938255 0.595786988735199 25
1580398938347 0.703771710395813 26
1580398938440 0.599027693271637 27
1580398938533 0.38683879375457764 28
1580398938626 0.4528152048587799 29
