1580398563744 0.30769232 0
1580398563789 0.30769232 1
1580398563842 0.3846154 2
1580398563894 0.30769232 3
1580398563946 0.46153846 4
1580398564000 0.53846157 5
1580398564053 0.53846157 6
1580398564106 0.53846157 7
1580398564156 0.46153846 8
1580398564207 0.3846154 9
1580398564259 0.53846157 10
1580398564313 0.6923077 11
1580398564367 0.7692308 12
1580398564420 0.46153846 13
1580398564473 0.6923077 14
1580398564524 0.6923077 15
1580398564575 0.6923077 16
1580398564626 0.6923077 17
1580398564680 0.6923077 18
1580398564733 0.7692308 19
1580398564787 0.7692308 20
1580398564840 0.9230769 21
1580398564893 0.84615386 22
1580398564947 0.6923077 23
1580398564999 0.7692308 24
1580398565051 0.53846157 25
1580398565105 0.61538464 26
1580398565159 0.7692308 27
1580398565213 0.9230769 28
1580398565267 0.84615386 29
