1580398563744 1.3934041261672974 0
1580398563789 1.3293424844741821 1
1580398563842 1.3185683488845825 2
1580398563894 1.328824758529663 3
1580398563946 1.3016496896743774 4
1580398564000 1.13839590549469 5
1580398564053 1.2281649112701416 6
1580398564106 1.2023133039474487 7
1580398564156 1.116152048110962 8
1580398564207 1.2653782367706299 9
1580398564259 1.1039228439331055 10
1580398564313 0.9777008295059204 11
1580398564367 0.7717122435569763 12
1580398564420 0.7710031270980835 13
1580398564473 0.9442298412322998 14
1580398564524 0.9424205422401428 15
1580398564575 0.9065551161766052 16
1580398564626 0.7289393544197083 17
1580398564680 0.6503699421882629 18
1580398564733 0.6162614822387695 19
1580398564787 0.5178465843200684 20
1580398564840 0.30151018500328064 21
1580398564893 0.32792729139328003 22
1580398564947 0.7245134711265564 23
1580398564999 0.4226991832256317 24
1580398565051 0.8855030536651611 25
1580398565105 0.7114344835281372 26
1580398565159 0.45524582266807556 27
1580398565213 0.2515755891799927 28
1580398565267 0.3974934220314026 29
