1580398931065 0.15384616 0
1580398931121 0.30769232 1
1580398931182 0.30769232 2
1580398931243 0.3846154 3
1580398931304 0.30769232 4
1580398931365 0.30769232 5
1580398931426 0.30769232 6
1580398931487 0.30769232 7
1580398931549 0.61538464 8
1580398931610 0.3846154 9
1580398931672 0.46153846 10
1580398931735 0.53846157 11
1580398931798 0.7692308 12
1580398931860 0.53846157 13
1580398931921 0.7692308 14
1580398931981 0.61538464 15
1580398932042 0.7692308 16
1580398932102 0.61538464 17
1580398932162 0.84615386 18
1580398932221 0.53846157 19
1580398932281 0.61538464 20
1580398932342 0.84615386 21
1580398932402 0.6923077 22
1580398932462 0.84615386 23
1580398932522 0.6923077 24
1580398932583 0.7692308 25
1580398932643 0.84615386 26
1580398932704 0.61538464 27
1580398932765 0.6923077 28
1580398932826 0.84615386 29
