1580398931065 1.3956820964813232 0
1580398931121 1.3484070301055908 1
1580398931182 1.3218632936477661 2
1580398931243 1.3231374025344849 3
1580398931304 1.3683359622955322 4
1580398931365 1.4544531106948853 5
1580398931426 1.3456488847732544 6
1580398931487 1.4240130186080933 7
1580398931549 1.2121580839157104 8
1580398931610 1.2353318929672241 9
1580398931672 1.2048132419586182 10
1580398931735 1.1246554851531982 11
1580398931798 1.0323461294174194 12
1580398931860 1.0070552825927734 13
1580398931921 0.8592448830604553 14
1580398931981 0.8861575722694397 15
1580398932042 0.782008171081543 16
1580398932102 0.8231619596481323 17
1580398932162 0.65993332862854 18
1580398932221 0.8340529799461365 19
1580398932281 0.8256696462631226 20
1580398932342 0.6248246431350708 21
1580398932402 0.7136841416358948 22
1580398932462 0.548647940158844 23
1580398932522 0.6349232196807861 24
1580398932583 0.5326869487762451 25
1580398932643 0.6083598732948303 26
1580398932704 0.7134048938751221 27
1580398932765 0.7300611734390259 28
1580398932826 0.5633770227432251 29
