1580398928765 0.30769232 0
1580398928819 0.23076923 1
1580398928878 0.30769232 2
1580398928937 0.6923077 3
1580398928996 0.30769232 4
1580398929056 0.46153846 5
1580398929116 0.30769232 6
1580398929175 0.3846154 7
1580398929234 0.46153846 8
1580398929294 0.61538464 9
1580398929354 0.61538464 10
1580398929413 0.84615386 11
1580398929474 0.61538464 12
1580398929534 0.46153846 13
1580398929594 0.6923077 14
1580398929654 0.53846157 15
1580398929714 0.6923077 16
1580398929774 0.61538464 17
1580398929835 0.61538464 18
1580398929895 0.53846157 19
1580398929958 0.6923077 20
1580398930020 0.6923077 21
1580398930081 0.6923077 22
1580398930142 0.84615386 23
1580398930204 0.7692308 24
1580398930266 0.53846157 25
1580398930329 0.84615386 26
1580398930390 1.0 27
1580398930453 1.0 28
1580398930516 0.9230769 29
