1580398928765 1.369523525238037 0
1580398928819 1.3900285959243774 1
1580398928878 1.3350857496261597 2
1580398928937 1.2493531703948975 3
1580398928996 1.3764108419418335 4
1580398929056 1.2757022380828857 5
1580398929116 1.462990403175354 6
1580398929175 1.330472469329834 7
1580398929234 1.2556631565093994 8
1580398929294 1.2108314037322998 9
1580398929354 1.1928212642669678 10
1580398929413 1.0956342220306396 11
1580398929474 1.1201069355010986 12
1580398929534 1.1344777345657349 13
1580398929594 0.9355106949806213 14
1580398929654 1.0172876119613647 15
1580398929714 1.0424994230270386 16
1580398929774 0.8720262050628662 17
1580398929835 0.9373722672462463 18
1580398929895 0.9442098140716553 19
1580398929958 0.7155603170394897 20
1580398930020 0.8843254446983337 21
1580398930081 0.724782407283783 22
1580398930142 0.6249111890792847 23
1580398930204 0.7243821024894714 24
1580398930266 0.7378219962120056 25
1580398930329 0.4877925217151642 26
1580398930390 0.4753709137439728 27
1580398930453 0.3114001154899597 28
1580398930516 0.40097081661224365 29
