1580398559610 0.15384616 0
1580398559662 0.3846154 1
1580398559715 0.3846154 2
1580398559768 0.30769232 3
1580398559819 0.3846154 4
1580398559871 0.3846154 5
1580398559923 0.3846154 6
1580398559975 0.46153846 7
1580398560027 0.46153846 8
1580398560078 0.3846154 9
1580398560130 0.46153846 10
1580398560182 0.53846157 11
1580398560233 0.46153846 12
1580398560284 0.61538464 13
1580398560337 0.46153846 14
1580398560388 0.3846154 15
1580398560439 0.46153846 16
1580398560490 0.53846157 17
1580398560542 0.46153846 18
1580398560594 0.3846154 19
1580398560645 0.6923077 20
1580398560697 0.6923077 21
1580398560749 0.6923077 22
1580398560801 0.53846157 23
1580398560853 0.53846157 24
1580398560905 0.61538464 25
1580398560957 0.6923077 26
1580398561009 0.6923077 27
1580398561062 0.7692308 28
1580398561115 0.6923077 29
