1580398559610 1.3729432821273804 0
1580398559662 1.3784096240997314 1
1580398559715 1.3736052513122559 2
1580398559768 1.3815944194793701 3
1580398559819 1.3344064950942993 4
1580398559871 1.377183437347412 5
1580398559923 1.3471659421920776 6
1580398559975 1.3470396995544434 7
1580398560027 1.3043098449707031 8
1580398560078 1.319677472114563 9
1580398560130 1.281477689743042 10
1580398560182 1.2531054019927979 11
1580398560233 1.2695484161376953 12
1580398560284 1.1378912925720215 13
1580398560337 1.2560348510742188 14
1580398560388 1.2983704805374146 15
1580398560439 1.2090171575546265 16
1580398560490 1.1404234170913696 17
1580398560542 1.2831228971481323 18
1580398560594 1.1459453105926514 19
1580398560645 0.9062157869338989 20
1580398560697 0.9718793034553528 21
1580398560749 1.0927515029907227 22
1580398560801 1.0502973794937134 23
1580398560853 1.0326237678527832 24
1580398560905 0.8158262968063354 25
1580398560957 0.8745978474617004 26
1580398561009 1.011969804763794 27
1580398561062 0.7774776816368103 28
1580398561115 0.7957054972648621 29
