1580457067332 0.3846154 0
1580457067393 0.23076923 1
1580457067458 0.23076923 2
1580457067524 0.30769232 3
1580457067589 0.23076923 4
1580457067655 0.3846154 5
1580457067720 0.46153846 6
1580457067786 0.46153846 7
1580457067851 0.53846157 8
1580457067916 0.30769232 9
1580457067981 0.53846157 10
1580457068046 0.53846157 11
1580457068111 0.46153846 12
1580457068212 0.53846157 13
1580457068307 0.3846154 14
1580457068402 0.3846154 15
1580457068498 0.53846157 16
1580457068595 0.53846157 17
1580457068692 0.6923077 18
1580457068789 0.46153846 19
1580457068886 0.6923077 20
1580457068983 0.6923077 21
1580457069080 0.30769232 22
1580457069177 0.61538464 23
1580457069274 0.3846154 24
1580457069372 0.46153846 25
1580457069469 0.53846157 26
1580457069567 0.6923077 27
1580457069665 0.6923077 28
1580457069762 0.53846157 29
