1580457067332 1.4127386808395386 0
1580457067393 20.483768463134766 1
1580457067458 25.485023498535156 2
1580457067524 9.044454574584961 3
1580457067589 5.426787376403809 4
1580457067655 1.327864408493042 5
1580457067720 1.288915753364563 6
1580457067786 0.9515737891197205 7
1580457067851 1.4296443462371826 8
1580457067916 1.4293749332427979 9
1580457067981 1.066795825958252 10
1580457068046 1.078028917312622 11
1580457068111 1.0980815887451172 12
1580457068212 0.8759769797325134 13
1580457068307 1.155180811882019 14
1580457068402 1.206265926361084 15
1580457068498 0.8779990673065186 16
1580457068595 0.9856687784194946 17
1580457068692 0.6988840103149414 18
1580457068789 1.0621229410171509 19
1580457068886 0.7571044564247131 20
1580457068983 0.7217498421669006 21
1580457069080 1.3403657674789429 22
1580457069177 0.8548641204833984 23
1580457069274 1.1021493673324585 24
1580457069372 0.9835402369499207 25
1580457069469 0.9609571695327759 26
1580457069567 0.7381045818328857 27
1580457069665 0.7224171161651611 28
1580457069762 0.9724951982498169 29
