1580398766246 0.3846154 0
1580398766296 0.3846154 1
1580398766354 0.3846154 2
1580398766413 0.30769232 3
1580398766468 0.46153846 4
1580398766524 0.23076923 5
1580398766582 0.6923077 6
1580398766641 0.53846157 7
1580398766697 0.3846154 8
1580398766753 0.3846154 9
1580398766810 0.61538464 10
1580398766868 0.6923077 11
1580398766926 0.53846157 12
1580398766987 0.61538464 13
1580398767044 0.6923077 14
1580398767101 0.46153846 15
1580398767157 0.7692308 16
1580398767213 0.61538464 17
1580398767270 0.9230769 18
1580398767326 0.6923077 19
1580398767384 0.84615386 20
1580398767441 0.6923077 21
1580398767498 0.46153846 22
1580398767556 0.61538464 23
1580398767613 0.6923077 24
1580398767672 0.6923077 25
1580398767729 0.84615386 26
1580398767786 1.0 27
1580398767846 1.0 28
1580398767904 1.0 29
