1580398766246 1.367096185684204 0
1580398766296 1.4090641736984253 1
1580398766354 1.3805409669876099 2
1580398766413 1.2573338747024536 3
1580398766468 1.2615286111831665 4
1580398766524 1.3636586666107178 5
1580398766582 1.1855041980743408 6
1580398766641 1.2033159732818604 7
1580398766697 1.294181227684021 8
1580398766753 1.0844156742095947 9
1580398766810 1.0682799816131592 10
1580398766868 0.9459865093231201 11
1580398766926 0.9240137338638306 12
1580398766987 0.8734017610549927 13
1580398767044 0.7917641401290894 14
1580398767101 0.9178254008293152 15
1580398767157 0.7945715188980103 16
1580398767213 0.9360203146934509 17
1580398767270 0.6723384261131287 18
1580398767326 0.702764630317688 19
1580398767384 0.5969017744064331 20
1580398767441 0.717034637928009 21
1580398767498 0.810143232345581 22
1580398767556 0.7406731843948364 23
1580398767613 0.7224785089492798 24
1580398767672 0.6570833921432495 25
1580398767729 0.5553563833236694 26
1580398767786 0.4019477963447571 27
1580398767846 0.3552777171134949 28
1580398767904 0.3286922872066498 29
