1580398619982 0.30769232 0
1580398620033 0.30769232 1
1580398620088 0.23076923 2
1580398620143 0.30769232 3
1580398620198 0.53846157 4
1580398620252 0.46153846 5
1580398620307 0.53846157 6
1580398620362 0.30769232 7
1580398620417 0.3846154 8
1580398620473 0.46153846 9
1580398620557 0.46153846 10
1580398620637 0.6923077 11
1580398620718 0.7692308 12
1580398620800 0.6923077 13
1580398620881 0.61538464 14
1580398620962 0.6923077 15
1580398621042 0.53846157 16
1580398621123 0.53846157 17
1580398621204 0.7692308 18
1580398621284 0.61538464 19
1580398621366 0.6923077 20
1580398621447 0.53846157 21
1580398621529 0.84615386 22
1580398621610 0.61538464 23
1580398621691 0.6923077 24
1580398621773 0.7692308 25
1580398621855 0.84615386 26
1580398621936 0.61538464 27
1580398622018 0.84615386 28
1580398622099 0.84615386 29
