1580398619982 1.40738046169281 0
1580398620033 1.3687248229980469 1
1580398620088 1.4021151065826416 2
1580398620143 1.3365867137908936 3
1580398620198 1.2567439079284668 4
1580398620252 1.2185381650924683 5
1580398620307 1.2227286100387573 6
1580398620362 1.2441139221191406 7
1580398620417 1.2186148166656494 8
1580398620473 1.153393268585205 9
1580398620557 1.1324048042297363 10
1580398620637 1.0925389528274536 11
1580398620718 0.8072910308837891 12
1580398620800 1.000378131866455 13
1580398620881 0.8738530874252319 14
1580398620962 0.7474291920661926 15
1580398621042 0.8488719463348389 16
1580398621123 0.9573264718055725 17
1580398621204 0.619145393371582 18
1580398621284 0.8385277986526489 19
1580398621366 0.6928718090057373 20
1580398621447 0.9108924269676208 21
1580398621529 0.5185493230819702 22
1580398621610 0.6983409523963928 23
1580398621691 0.5925185084342957 24
1580398621773 0.4536110758781433 25
1580398621855 0.47556576132774353 26
1580398621936 0.7325757145881653 27
1580398622018 0.40744245052337646 28
1580398622099 0.43905237317085266 29
