1580457121924 0.15384616 0
1580457121986 0.15384616 1
1580457122089 0.46153846 2
1580457122189 0.53846157 3
1580457122291 0.46153846 4
1580457122389 0.30769232 5
1580457122486 0.46153846 6
1580457122583 0.3846154 7
1580457122681 0.6923077 8
1580457122779 0.46153846 9
1580457122877 0.61538464 10
1580457122975 0.61538464 11
1580457123073 0.61538464 12
1580457123171 0.61538464 13
1580457123269 0.61538464 14
1580457123367 0.6923077 15
1580457123464 0.6923077 16
1580457123564 0.46153846 17
1580457123662 0.7692308 18
1580457123760 0.7692308 19
1580457123858 0.6923077 20
1580457123957 0.6923077 21
1580457124056 0.6923077 22
1580457124155 0.84615386 23
1580457124253 0.84615386 24
1580457124351 0.9230769 25
1580457124450 0.61538464 26
1580457124550 0.6923077 27
1580457124656 0.7692308 28
1580457124756 0.84615386 29
