1580457121924 1.4432117938995361 0
1580457121986 1.4005783796310425 1
1580457122089 1.3411542177200317 2
1580457122189 1.3219807147979736 3
1580457122291 1.305133581161499 4
1580457122389 1.3919614553451538 5
1580457122486 1.2625257968902588 6
1580457122583 1.3196392059326172 7
1580457122681 1.224510908126831 8
1580457122779 1.2231427431106567 9
1580457122877 1.118965744972229 10
1580457122975 1.1458748579025269 11
1580457123073 0.9856865406036377 12
1580457123171 1.0068386793136597 13
1580457123269 0.891290009021759 14
1580457123367 0.8724671006202698 15
1580457123464 0.7805199027061462 16
1580457123564 0.9621487855911255 17
1580457123662 0.8798894286155701 18
1580457123760 0.7444876432418823 19
1580457123858 0.7233189940452576 20
1580457123957 0.8574568033218384 21
1580457124056 0.7428042888641357 22
1580457124155 0.6193902492523193 23
1580457124253 0.6367511749267578 24
1580457124351 0.4905138611793518 25
1580457124450 0.819494366645813 26
1580457124550 0.6565815806388855 27
1580457124656 0.546730101108551 28
1580457124756 0.639377236366272 29
