1580456971663 0.30769232 0
1580456971720 0.46153846 1
1580456971783 0.3846154 2
1580456971846 0.61538464 3
1580456971909 0.46153846 4
1580456971971 0.46153846 5
1580456972035 0.53846157 6
1580456972098 0.61538464 7
1580456972161 0.61538464 8
1580456972224 0.46153846 9
1580456972287 0.46153846 10
1580456972350 0.46153846 11
1580456972413 0.46153846 12
1580456972476 0.3846154 13
1580456972538 0.53846157 14
1580456972599 0.53846157 15
1580456972660 0.53846157 16
1580456972721 0.61538464 17
1580456972783 0.61538464 18
1580456972846 0.53846157 19
1580456972910 0.7692308 20
1580456972971 0.6923077 21
1580456973034 0.9230769 22
1580456973096 0.61538464 23
1580456973160 0.61538464 24
1580456973224 0.7692308 25
1580456973288 0.84615386 26
1580456973351 0.61538464 27
1580456973414 0.7692308 28
1580456973479 0.53846157 29
