1580456971663 1.4032189846038818 0
1580456971720 1.3695932626724243 1
1580456971783 1.3490471839904785 2
1580456971846 1.3326923847198486 3
1580456971909 1.3436534404754639 4
1580456971971 1.3225634098052979 5
1580456972035 1.2820695638656616 6
1580456972098 1.2460711002349854 7
1580456972161 1.2379000186920166 8
1580456972224 1.2186496257781982 9
1580456972287 1.1890819072723389 10
1580456972350 1.3351877927780151 11
1580456972413 1.2189222574234009 12
1580456972476 1.234946608543396 13
1580456972538 1.061439037322998 14
1580456972599 0.9993915557861328 15
1580456972660 1.0263513326644897 16
1580456972721 1.1244044303894043 17
1580456972783 1.0353831052780151 18
1580456972846 0.8840382695198059 19
1580456972910 0.8636786937713623 20
1580456972971 0.7763580679893494 21
1580456973034 0.8068158030509949 22
1580456973096 0.9948985576629639 23
1580456973160 0.9240140318870544 24
1580456973224 0.6734044551849365 25
1580456973288 0.6820122003555298 26
1580456973351 1.0302627086639404 27
1580456973414 0.6538702845573425 28
1580456973479 1.142645001411438 29
