1580398539804 0.30769232 0
1580398539849 0.23076923 1
1580398539900 0.3846154 2
1580398539951 0.30769232 3
1580398540003 0.30769232 4
1580398540054 0.30769232 5
1580398540105 0.30769232 6
1580398540156 0.30769232 7
1580398540209 0.46153846 8
1580398540261 0.53846157 9
1580398540312 0.3846154 10
1580398540364 0.61538464 11
1580398540416 0.46153846 12
1580398540469 0.46153846 13
1580398540521 0.6923077 14
1580398540573 0.61538464 15
1580398540625 0.3846154 16
1580398540676 0.84615386 17
1580398540728 0.61538464 18
1580398540780 0.84615386 19
1580398540830 0.7692308 20
1580398540881 0.7692308 21
1580398540933 0.30769232 22
1580398540984 0.7692308 23
1580398541036 0.84615386 24
1580398541089 0.61538464 25
1580398541142 0.84615386 26
1580398541195 0.9230769 27
1580398541248 0.9230769 28
1580398541301 0.9230769 29
