1580398539804 1.4110203981399536 0
1580398539849 1.4196394681930542 1
1580398539900 1.3773598670959473 2
1580398539951 1.3183577060699463 3
1580398540003 1.3417009115219116 4
1580398540054 1.2887532711029053 5
1580398540105 1.2520493268966675 6
1580398540156 1.2831465005874634 7
1580398540209 1.248596429824829 8
1580398540261 1.1400115489959717 9
1580398540312 1.1593017578125 10
1580398540364 1.1045423746109009 11
1580398540416 1.1125216484069824 12
1580398540469 1.0858557224273682 13
1580398540521 1.0627706050872803 14
1580398540573 0.841734766960144 15
1580398540625 0.9469116926193237 16
1580398540676 0.6299871206283569 17
1580398540728 0.9682013988494873 18
1580398540780 0.7270365357398987 19
1580398540830 0.6655100584030151 20
1580398540881 0.7568899393081665 21
1580398540933 1.1420084238052368 22
1580398540984 0.7046729326248169 23
1580398541036 0.5574386119842529 24
1580398541089 0.7718411684036255 25
1580398541142 0.4974055588245392 26
1580398541195 0.4602174758911133 27
1580398541248 0.4239436388015747 28
1580398541301 0.4209599792957306 29
