1580457024854 0.23076923 0
1580457024911 0.30769232 1
1580457024973 0.23076923 2
1580457025035 0.23076923 3
1580457025096 0.46153846 4
1580457025159 0.53846157 5
1580457025221 0.30769232 6
1580457025283 0.30769232 7
1580457025347 0.46153846 8
1580457025411 0.30769232 9
1580457025473 0.61538464 10
1580457025537 0.53846157 11
1580457025601 0.53846157 12
1580457025665 0.61538464 13
1580457025727 0.46153846 14
1580457025791 0.61538464 15
1580457025856 0.3846154 16
1580457025918 0.53846157 17
1580457025982 0.46153846 18
1580457026047 0.61538464 19
1580457026111 0.61538464 20
1580457026174 0.61538464 21
1580457026237 0.61538464 22
1580457026302 0.7692308 23
1580457026366 0.53846157 24
1580457026432 0.6923077 25
1580457026496 0.84615386 26
1580457026562 0.6923077 27
1580457026627 0.6923077 28
1580457026690 0.61538464 29
