1580457024854 1.4128086566925049 0
1580457024911 1.3997187614440918 1
1580457024973 1.4123715162277222 2
1580457025035 1.3794353008270264 3
1580457025096 1.3291608095169067 4
1580457025159 1.3241918087005615 5
1580457025221 1.3718019723892212 6
1580457025283 1.320840835571289 7
1580457025347 1.2809598445892334 8
1580457025411 1.2846401929855347 9
1580457025473 1.220816731452942 10
1580457025537 1.181825876235962 11
1580457025601 1.2539056539535522 12
1580457025665 1.1244107484817505 13
1580457025727 1.0802785158157349 14
1580457025791 1.0956931114196777 15
1580457025856 1.2376679182052612 16
1580457025918 1.1114730834960938 17
1580457025982 1.1562199592590332 18
1580457026047 1.0268430709838867 19
1580457026111 1.0416991710662842 20
1580457026174 1.005804181098938 21
1580457026237 0.9695916771888733 22
1580457026302 0.8571330308914185 23
1580457026366 1.0245108604431152 24
1580457026432 0.8646947145462036 25
1580457026496 0.7211474776268005 26
1580457026562 0.8582035303115845 27
1580457026627 0.8594172596931458 28
1580457026690 0.9695978760719299 29
