1580457094108 0.23076923 0
1580457094165 0.15384616 1
1580457094228 0.3846154 2
1580457094292 0.30769232 3
1580457094356 0.61538464 4
1580457094420 0.46153846 5
1580457094523 0.3846154 6
1580457094618 0.3846154 7
1580457094714 0.46153846 8
1580457094810 0.30769232 9
1580457094907 0.46153846 10
1580457095004 0.46153846 11
1580457095100 0.46153846 12
1580457095198 0.61538464 13
1580457095294 0.61538464 14
1580457095391 0.46153846 15
1580457095489 0.6923077 16
1580457095586 0.6923077 17
1580457095684 0.46153846 18
1580457095782 0.61538464 19
1580457095880 0.6923077 20
1580457095977 0.3846154 21
1580457096075 0.53846157 22
1580457096172 0.9230769 23
1580457096269 0.6923077 24
1580457096366 0.7692308 25
1580457096464 0.53846157 26
1580457096561 0.6923077 27
1580457096659 0.6923077 28
1580457096757 0.9230769 29
