1580457094108 1.4274202585220337 0
1580457094165 1.4459457397460938 1
1580457094228 1.2902284860610962 2
1580457094292 1.4401886463165283 3
1580457094356 1.1889243125915527 4
1580457094420 1.2756720781326294 5
1580457094523 1.2092941999435425 6
1580457094618 1.211622714996338 7
1580457094714 1.2703678607940674 8
1580457094810 1.30367112159729 9
1580457094907 1.1107951402664185 10
1580457095004 1.194384217262268 11
1580457095100 1.1156386137008667 12
1580457095198 1.043483853340149 13
1580457095294 0.8818916082382202 14
1580457095391 1.0433100461959839 15
1580457095489 0.9236320853233337 16
1580457095586 1.045956015586853 17
1580457095684 0.9444130659103394 18
1580457095782 0.8998730778694153 19
1580457095880 0.870710015296936 20
1580457095977 0.9064483642578125 21
1580457096075 0.7604449391365051 22
1580457096172 0.5593305826187134 23
1580457096269 0.7105532288551331 24
1580457096366 0.6710004210472107 25
1580457096464 0.7452203035354614 26
1580457096561 0.6901113986968994 27
1580457096659 0.5601915717124939 28
1580457096757 0.3939518928527832 29
