1580398570708 0.23076923 0
1580398570756 0.15384616 1
1580398570809 0.30769232 2
1580398570862 0.23076923 3
1580398570914 0.53846157 4
1580398570967 0.3846154 5
1580398571020 0.3846154 6
1580398571073 0.30769232 7
1580398571125 0.46153846 8
1580398571178 0.53846157 9
1580398571231 0.46153846 10
1580398571284 0.3846154 11
1580398571337 0.53846157 12
1580398571390 0.6923077 13
1580398571443 0.3846154 14
1580398571497 0.3846154 15
1580398571551 0.46153846 16
1580398571604 0.46153846 17
1580398571658 0.46153846 18
1580398571710 0.61538464 19
1580398571762 0.53846157 20
1580398571815 0.53846157 21
1580398571867 0.61538464 22
1580398571920 0.7692308 23
1580398571973 0.6923077 24
1580398572026 0.6923077 25
1580398572079 0.53846157 26
1580398572132 0.7692308 27
1580398572185 0.84615386 28
1580398572238 0.6923077 29
