1580398570708 1.4083023071289062 0
1580398570756 1.4374616146087646 1
1580398570809 1.3908873796463013 2
1580398570862 1.3347058296203613 3
1580398570914 1.3021314144134521 4
1580398570967 1.3256494998931885 5
1580398571020 1.4026354551315308 6
1580398571073 1.313655972480774 7
1580398571125 1.2703169584274292 8
1580398571178 1.1585482358932495 9
1580398571231 1.2629832029342651 10
1580398571284 1.2642213106155396 11
1580398571337 1.1799286603927612 12
1580398571390 1.0223610401153564 13
1580398571443 1.2195055484771729 14
1580398571497 1.2619597911834717 15
1580398571551 1.1140639781951904 16
1580398571604 1.2047959566116333 17
1580398571658 1.1792634725570679 18
1580398571710 0.9893502593040466 19
1580398571762 1.0921010971069336 20
1580398571815 0.9999912977218628 21
1580398571867 0.8828032612800598 22
1580398571920 0.8809003233909607 23
1580398571973 0.981578528881073 24
1580398572026 0.8813464641571045 25
1580398572079 1.0212279558181763 26
1580398572132 0.6726849675178528 27
1580398572185 0.851047933101654 28
1580398572238 0.7961187958717346 29
