1580456984740 0.46153846 0
1580456984796 0.61538464 1
1580456984859 0.3846154 2
1580456984957 0.30769232 3
1580456985050 0.30769232 4
1580456985143 0.30769232 5
1580456985238 0.23076923 6
1580456985338 0.3846154 7
1580456985433 0.46153846 8
1580456985527 0.46153846 9
1580456985621 0.46153846 10
1580456985715 0.61538464 11
1580456985810 0.53846157 12
1580456985904 0.6923077 13
1580456985999 0.53846157 14
1580456986093 0.61538464 15
1580456986188 0.53846157 16
1580456986283 0.6923077 17
1580456986378 0.61538464 18
1580456986473 0.61538464 19
1580456986568 0.84615386 20
1580456986663 0.6923077 21
1580456986757 0.7692308 22
1580456986851 0.84615386 23
1580456986946 0.7692308 24
1580456987040 0.9230769 25
1580456987134 0.7692308 26
1580456987229 0.9230769 27
1580456987324 0.84615386 28
1580456987420 0.9230769 29
