1580456984740 1.3578027486801147 0
1580456984796 1.3163422346115112 1
1580456984859 1.3384913206100464 2
1580456984957 1.3872369527816772 3
1580456985050 1.3780102729797363 4
1580456985143 1.3298494815826416 5
1580456985238 1.3294774293899536 6
1580456985338 1.22821044921875 7
1580456985433 1.192373514175415 8
1580456985527 1.1988354921340942 9
1580456985621 1.1972787380218506 10
1580456985715 1.1061333417892456 11
1580456985810 1.0721008777618408 12
1580456985904 1.0272890329360962 13
1580456985999 1.102992296218872 14
1580456986093 1.0468412637710571 15
1580456986188 0.9559104442596436 16
1580456986283 0.7898426055908203 17
1580456986378 0.93910151720047 18
1580456986473 0.8465654850006104 19
1580456986568 0.7544103860855103 20
1580456986663 0.7880465388298035 21
1580456986757 0.650720477104187 22
1580456986851 0.5524668097496033 23
1580456986946 0.6575242280960083 24
1580456987040 0.5067622661590576 25
1580456987134 0.543304443359375 26
1580456987229 0.5686483383178711 27
1580456987324 0.4994480311870575 28
1580456987420 0.5158102512359619 29
