1580398730767 0.30769232 0
1580398730823 0.46153846 1
1580398730878 0.46153846 2
1580398730933 0.23076923 3
1580398730989 0.30769232 4
1580398731045 0.53846157 5
1580398731101 0.3846154 6
1580398731157 0.6923077 7
1580398731213 0.30769232 8
1580398731268 0.46153846 9
1580398731325 0.6923077 10
1580398731381 0.61538464 11
1580398731436 0.61538464 12
1580398731492 0.6923077 13
1580398731550 0.61538464 14
1580398731608 0.7692308 15
1580398731665 0.46153846 16
1580398731723 0.61538464 17
1580398731781 0.7692308 18
1580398731839 0.84615386 19
1580398731895 0.61538464 20
1580398731951 0.7692308 21
1580398732006 0.6923077 22
1580398732064 0.7692308 23
1580398732121 0.61538464 24
1580398732178 0.6923077 25
1580398732234 0.6923077 26
1580398732296 0.6923077 27
1580398732354 0.7692308 28
1580398732410 0.84615386 29
