1580398730767 1.3703640699386597 0
1580398730823 1.3478929996490479 1
1580398730878 1.268447756767273 2
1580398730933 1.4399676322937012 3
1580398730989 1.4116673469543457 4
1580398731045 1.2229187488555908 5
1580398731101 1.2105473279953003 6
1580398731157 1.1496800184249878 7
1580398731213 1.4384381771087646 8
1580398731268 1.2429190874099731 9
1580398731325 1.0187407732009888 10
1580398731381 1.1569616794586182 11
1580398731436 0.9350137710571289 12
1580398731492 0.9581044316291809 13
1580398731550 0.9663432836532593 14
1580398731608 0.7515219449996948 15
1580398731665 0.8274921774864197 16
1580398731723 0.9225393533706665 17
1580398731781 0.6246839761734009 18
1580398731839 0.53836590051651 19
1580398731895 0.7600791454315186 20
1580398731951 0.5518518686294556 21
1580398732006 0.7765828371047974 22
1580398732064 0.5598874092102051 23
1580398732121 0.6644601821899414 24
1580398732178 0.7055771350860596 25
1580398732234 0.5453485250473022 26
1580398732296 0.5592025518417358 27
1580398732354 0.5412855744361877 28
1580398732410 0.33990857005119324 29
