1580398724388 0.6923077 0
1580398724438 0.3846154 1
1580398724493 0.23076923 2
1580398724548 0.7692308 3
1580398724603 0.53846157 4
1580398724658 0.53846157 5
1580398724713 0.46153846 6
1580398724769 0.3846154 7
1580398724824 0.7692308 8
1580398724879 0.46153846 9
1580398724934 0.7692308 10
1580398724989 0.30769232 11
1580398725045 0.7692308 12
1580398725100 0.84615386 13
1580398725155 0.53846157 14
1580398725210 0.6923077 15
1580398725265 0.61538464 16
1580398725320 0.6923077 17
1580398725375 0.3846154 18
1580398725430 0.6923077 19
1580398725486 0.84615386 20
1580398725541 0.61538464 21
1580398725596 0.53846157 22
1580398725652 0.6923077 23
1580398725707 0.7692308 24
1580398725763 0.7692308 25
1580398725819 0.53846157 26
1580398725874 0.7692308 27
1580398725930 0.9230769 28
1580398725986 0.84615386 29
