1580398724388 1.3121719360351562 0
1580398724438 1.4071896076202393 1
1580398724493 1.4106113910675049 2
1580398724548 1.150821566581726 3
1580398724603 1.264946699142456 4
1580398724658 1.2275563478469849 5
1580398724713 1.2804445028305054 6
1580398724769 1.2192881107330322 7
1580398724824 0.9910469055175781 8
1580398724879 1.050762414932251 9
1580398724934 0.8817110061645508 10
1580398724989 0.9230590462684631 11
1580398725045 0.8561741709709167 12
1580398725100 0.6265867948532104 13
1580398725155 0.9573246836662292 14
1580398725210 0.9962642192840576 15
1580398725265 0.7153180241584778 16
1580398725320 0.709567666053772 17
1580398725375 1.021431565284729 18
1580398725430 0.8112008571624756 19
1580398725486 0.6446151733398438 20
1580398725541 0.7521957159042358 21
1580398725596 0.7977937459945679 22
1580398725652 0.5222339630126953 23
1580398725707 0.52578204870224 24
1580398725763 0.5490360856056213 25
1580398725819 0.7605546116828918 26
1580398725874 0.7722986936569214 27
1580398725930 0.33674195408821106 28
1580398725986 0.6079933047294617 29
