1580398916119 0.53846157 0
1580398916178 0.23076923 1
1580398916237 0.30769232 2
1580398916297 0.3846154 3
1580398916356 0.46153846 4
1580398916414 0.3846154 5
1580398916473 0.46153846 6
1580398916532 0.53846157 7
1580398916592 0.3846154 8
1580398916651 0.53846157 9
1580398916710 0.61538464 10
1580398916770 0.61538464 11
1580398916830 0.7692308 12
1580398916890 0.7692308 13
1580398916949 0.6923077 14
1580398917009 0.53846157 15
1580398917068 0.46153846 16
1580398917128 0.61538464 17
1580398917189 0.61538464 18
1580398917248 0.6923077 19
1580398917308 0.46153846 20
1580398917368 0.46153846 21
1580398917428 0.6923077 22
1580398917490 0.61538464 23
1580398917550 0.61538464 24
1580398917609 0.6923077 25
1580398917669 0.6923077 26
1580398917729 0.61538464 27
1580398917789 0.6923077 28
1580398917849 0.53846157 29
