1580398916119 1.3492071628570557 0
1580398916178 94.18214416503906 1
1580398916237 69.10172271728516 2
1580398916297 22.66840934753418 3
1580398916356 13.13017749786377 4
1580398916414 30.53912353515625 5
1580398916473 1.6391322612762451 6
1580398916532 1.3000327348709106 7
1580398916592 1.2608904838562012 8
1580398916651 0.9832108020782471 9
1580398916710 0.6702859401702881 10
1580398916770 0.7817921042442322 11
1580398916830 0.6400095820426941 12
1580398916890 0.4413397014141083 13
1580398916949 0.5498500466346741 14
1580398917009 0.9741505980491638 15
1580398917068 1.0317414999008179 16
1580398917128 0.7504536509513855 17
1580398917189 0.711944580078125 18
1580398917248 0.6903595328330994 19
1580398917308 0.7942309975624084 20
1580398917368 1.146559715270996 21
1580398917428 0.6685349941253662 22
1580398917490 0.8172268271446228 23
1580398917550 0.7198958992958069 24
1580398917609 0.5781694054603577 25
1580398917669 0.5746980309486389 26
1580398917729 0.7072041630744934 27
1580398917789 0.5830003023147583 28
1580398917849 0.8496195673942566 29
