1580398509534 0.3846154 0
1580398509580 0.53846157 1
1580398509631 0.23076923 2
1580398509682 0.46153846 3
1580398509733 0.46153846 4
1580398509784 0.7692308 5
1580398509836 0.3846154 6
1580398509889 0.46153846 7
1580398509941 0.53846157 8
1580398509995 0.30769232 9
1580398510075 0.53846157 10
1580398510151 0.53846157 11
1580398510232 0.46153846 12
1580398510308 0.6923077 13
1580398510390 0.61538464 14
1580398510465 0.7692308 15
1580398510540 0.61538464 16
1580398510614 0.61538464 17
1580398510690 0.46153846 18
1580398510766 0.6923077 19
1580398510842 0.61538464 20
1580398510918 0.84615386 21
1580398510994 0.46153846 22
1580398511069 0.46153846 23
1580398511145 0.6923077 24
1580398511221 0.6923077 25
1580398511297 0.61538464 26
1580398511373 0.61538464 27
1580398511450 0.46153846 28
1580398511526 0.53846157 29
