1580398509534 1.3556214570999146 0
1580398509580 90.7508544921875 1
1580398509631 336.8896484375 2
1580398509682 84.76944732666016 3
1580398509733 46.56378936767578 4
1580398509784 8.29019546508789 5
1580398509836 3.6574883460998535 6
1580398509889 2.7601797580718994 7
1580398509941 5.206687927246094 8
1580398509995 4.847951889038086 9
1580398510075 35.290164947509766 10
1580398510151 1.67729651927948 11
1580398510232 1.1483548879623413 12
1580398510308 0.7195361852645874 13
1580398510390 0.9905474781990051 14
1580398510465 0.7192918062210083 15
1580398510540 0.8126973509788513 16
1580398510614 0.8803673982620239 17
1580398510690 1.2150352001190186 18
1580398510766 1.0204118490219116 19
1580398510842 0.7825183272361755 20
1580398510918 0.5517302751541138 21
1580398510994 1.0229004621505737 22
1580398511069 1.0125718116760254 23
1580398511145 0.686599850654602 24
1580398511221 0.7899768352508545 25
1580398511297 0.881693422794342 26
1580398511373 0.763798713684082 27
1580398511450 1.2569533586502075 28
1580398511526 0.8808901906013489 29
