1580398639457 0.30769232 0
1580398639506 0.3846154 1
1580398639562 0.53846157 2
1580398639616 0.46153846 3
1580398639670 0.3846154 4
1580398639725 0.3846154 5
1580398639779 0.3846154 6
1580398639833 0.46153846 7
1580398639887 0.15384616 8
1580398639942 0.30769232 9
1580398639998 0.53846157 10
1580398640053 0.61538464 11
1580398640108 0.61538464 12
1580398640163 0.46153846 13
1580398640218 0.53846157 14
1580398640274 0.61538464 15
1580398640328 0.7692308 16
1580398640384 0.6923077 17
1580398640440 0.84615386 18
1580398640495 0.6923077 19
1580398640550 0.6923077 20
1580398640605 0.84615386 21
1580398640660 0.9230769 22
1580398640715 0.6923077 23
1580398640770 0.7692308 24
1580398640826 0.84615386 25
1580398640880 0.61538464 26
1580398640935 0.84615386 27
1580398640989 0.6923077 28
1580398641042 0.9230769 29
