1580398639457 1.3369561433792114 0
1580398639506 1.3440806865692139 1
1580398639562 1.3176112174987793 2
1580398639616 1.3204296827316284 3
1580398639670 1.3192989826202393 4
1580398639725 1.2940773963928223 5
1580398639779 1.3144798278808594 6
1580398639833 1.1241734027862549 7
1580398639887 1.3153927326202393 8
1580398639942 1.2639963626861572 9
1580398639998 1.034658432006836 10
1580398640053 0.9804152250289917 11
1580398640108 1.0175096988677979 12
1580398640163 1.1185721158981323 13
1580398640218 1.1024937629699707 14
1580398640274 0.8712877035140991 15
1580398640328 0.7866394519805908 16
1580398640384 1.0868251323699951 17
1580398640440 0.7404988408088684 18
1580398640495 0.8293793201446533 19
1580398640550 0.7078519463539124 20
1580398640605 0.6506350040435791 21
1580398640660 0.5318116545677185 22
1580398640715 0.6665357351303101 23
1580398640770 0.6388074159622192 24
1580398640826 0.5050912499427795 25
1580398640880 0.8529172539710999 26
1580398640935 0.47924232482910156 27
1580398640989 0.6533600687980652 28
1580398641042 0.4751097857952118 29
