1580398913815 0.3846154 0
1580398913869 0.15384616 1
1580398913927 0.30769232 2
1580398913986 0.46153846 3
1580398914045 0.53846157 4
1580398914104 0.30769232 5
1580398914163 0.53846157 6
1580398914221 0.3846154 7
1580398914281 0.3846154 8
1580398914340 0.61538464 9
1580398914399 0.61538464 10
1580398914460 0.53846157 11
1580398914520 0.61538464 12
1580398914579 0.6923077 13
1580398914639 0.84615386 14
1580398914698 0.7692308 15
1580398914759 0.61538464 16
1580398914819 0.61538464 17
1580398914880 0.61538464 18
1580398914942 0.7692308 19
1580398915002 0.6923077 20
1580398915063 0.7692308 21
1580398915122 0.7692308 22
1580398915182 0.61538464 23
1580398915244 0.7692308 24
1580398915306 0.7692308 25
1580398915366 0.84615386 26
1580398915429 0.9230769 27
1580398915492 0.7692308 28
1580398915554 0.6923077 29
