1580398913815 1.3579306602478027 0
1580398913869 1.4165476560592651 1
1580398913927 1.345916748046875 2
1580398913986 1.337685465812683 3
1580398914045 1.2972544431686401 4
1580398914104 1.3050801753997803 5
1580398914163 1.1938177347183228 6
1580398914221 1.1506391763687134 7
1580398914281 1.332897424697876 8
1580398914340 1.1066906452178955 9
1580398914399 1.0243725776672363 10
1580398914460 1.0431902408599854 11
1580398914520 1.03767991065979 12
1580398914579 0.9961596131324768 13
1580398914639 0.733287513256073 14
1580398914698 0.8652050495147705 15
1580398914759 0.9706207513809204 16
1580398914819 0.7958342432975769 17
1580398914880 0.9431968331336975 18
1580398914942 0.6352408528327942 19
1580398915002 0.6765019297599792 20
1580398915063 0.7150610685348511 21
1580398915122 0.5727285146713257 22
1580398915182 0.6321802139282227 23
1580398915244 0.6873019337654114 24
1580398915306 0.5500904321670532 25
1580398915366 0.49806609749794006 26
1580398915429 0.41217511892318726 27
1580398915492 0.657802939414978 28
1580398915554 0.46448075771331787 29
