1580398706454 0.46153846 0
1580398706506 0.30769232 1
1580398706561 0.3846154 2
1580398706618 0.3846154 3
1580398706674 0.30769232 4
1580398706731 0.53846157 5
1580398706789 0.61538464 6
1580398706846 0.6923077 7
1580398706902 0.61538464 8
1580398706959 0.61538464 9
1580398707016 0.6923077 10
1580398707073 0.53846157 11
1580398707131 0.6923077 12
1580398707220 0.7692308 13
1580398707303 0.9230769 14
1580398707386 0.61538464 15
1580398707469 0.6923077 16
1580398707552 0.84615386 17
1580398707636 0.61538464 18
1580398707721 0.53846157 19
1580398707812 0.6923077 20
1580398707898 0.7692308 21
1580398707986 0.46153846 22
1580398708071 0.6923077 23
1580398708157 0.84615386 24
1580398708242 0.7692308 25
1580398708327 0.53846157 26
1580398708412 0.61538464 27
1580398708497 0.6923077 28
1580398708582 0.84615386 29
