1580398706454 1.3617695569992065 0
1580398706506 72.06703186035156 1
1580398706561 148.1949005126953 2
1580398706618 56.48137664794922 3
1580398706674 34.88272476196289 4
1580398706731 13.884719848632812 5
1580398706789 8.811490058898926 6
1580398706846 2.9470949172973633 7
1580398706902 1.8612428903579712 8
1580398706959 2.0285518169403076 9
1580398707016 0.5872681736946106 10
1580398707073 2.0156707763671875 11
1580398707131 0.9860426187515259 12
1580398707220 0.5076395273208618 13
1580398707303 0.46075737476348877 14
1580398707386 0.6663380861282349 15
1580398707469 0.5224508047103882 16
1580398707552 0.3292386829853058 17
1580398707636 0.8515583872795105 18
1580398707721 1.3919737339019775 19
1580398707812 1.2293550968170166 20
1580398707898 0.7463601231575012 21
1580398707986 1.0615267753601074 22
1580398708071 0.6391509175300598 23
1580398708157 0.3703138530254364 24
1580398708242 0.4111548066139221 25
1580398708327 0.9456885457038879 26
1580398708412 0.6613859534263611 27
1580398708497 0.6547374129295349 28
1580398708582 0.33426588773727417 29
