1580398656150 0.30769232 0
1580398656229 0.23076923 1
1580398656308 0.30769232 2
1580398656388 0.23076923 3
1580398656468 0.3846154 4
1580398656550 0.3846154 5
1580398656631 0.46153846 6
1580398656712 0.46153846 7
1580398656794 0.46153846 8
1580398656876 0.46153846 9
1580398656958 0.46153846 10
1580398657039 0.46153846 11
1580398657120 0.6923077 12
1580398657202 0.46153846 13
1580398657284 0.30769232 14
1580398657365 0.46153846 15
1580398657447 0.15384616 16
1580398657529 0.3846154 17
1580398657611 0.30769232 18
1580398657694 0.53846157 19
1580398657776 0.61538464 20
1580398657858 0.61538464 21
1580398657941 0.61538464 22
1580398658024 0.84615386 23
1580398658106 0.61538464 24
1580398658189 0.53846157 25
1580398658271 0.6923077 26
1580398658354 0.6923077 27
1580398658438 0.7692308 28
1580398658522 0.6923077 29
