1580398656150 1.3932304382324219 0
1580398656229 1.4132710695266724 1
1580398656308 1.3767961263656616 2
1580398656388 1.3735487461090088 3
1580398656468 1.32662034034729 4
1580398656550 1.3393129110336304 5
1580398656631 1.3222407102584839 6
1580398656712 1.271056890487671 7
1580398656794 1.3046438694000244 8
1580398656876 1.2693606615066528 9
1580398656958 1.2744576930999756 10
1580398657039 1.1988377571105957 11
1580398657120 1.1449220180511475 12
1580398657202 1.1541411876678467 13
1580398657284 1.4090520143508911 14
1580398657365 1.2567640542984009 15
1580398657447 1.279509425163269 16
1580398657529 1.2729837894439697 17
1580398657611 1.339029312133789 18
1580398657694 1.1100550889968872 19
1580398657776 1.0743871927261353 20
1580398657858 1.004364013671875 21
1580398657941 0.9389926195144653 22
1580398658024 0.8835697770118713 23
1580398658106 0.927803099155426 24
1580398658189 1.0253243446350098 25
1580398658271 0.7563843131065369 26
1580398658354 0.8428882360458374 27
1580398658438 0.7837337851524353 28
1580398658522 0.785737931728363 29
