1580398535002 0.23076923 0
1580398535049 0.15384616 1
1580398535100 0.23076923 2
1580398535151 0.30769232 3
1580398535201 0.07692308 4
1580398535253 0.07692308 5
1580398535303 0.23076923 6
1580398535354 0.15384616 7
1580398535409 0.30769232 8
1580398535488 0.23076923 9
1580398535563 0.15384616 10
1580398535639 0.07692308 11
1580398535715 0.0 12
1580398535796 0.23076923 13
1580398535871 0.30769232 14
1580398535947 0.23076923 15
1580398536023 0.23076923 16
1580398536099 0.23076923 17
1580398536175 0.23076923 18
1580398536250 0.23076923 19
1580398536325 0.15384616 20
1580398536401 0.23076923 21
1580398536476 0.3846154 22
1580398536552 0.23076923 23
1580398536627 0.07692308 24
1580398536703 0.15384616 25
1580398536778 0.15384616 26
1580398536855 0.23076923 27
1580398536932 0.15384616 28
1580398537009 0.23076923 29
