1580398535002 1.4251137971878052 0
1580398535049 1.415417194366455 1
1580398535100 1.4268479347229004 2
1580398535151 1.407501459121704 3
1580398535201 1.4571343660354614 4
1580398535253 1.4489808082580566 5
1580398535303 1.414029836654663 6
1580398535354 1.446703553199768 7
1580398535409 1.3747261762619019 8
1580398535488 1.4115149974822998 9
1580398535563 1.4515246152877808 10
1580398535639 1.4252524375915527 11
1580398535715 1.4652047157287598 12
1580398535796 1.4005426168441772 13
1580398535871 1.4460080862045288 14
1580398535947 1.410610318183899 15
1580398536023 1.4410197734832764 16
1580398536099 1.3832646608352661 17
1580398536175 1.4713102579116821 18
1580398536250 1.3714874982833862 19
1580398536325 1.4122651815414429 20
1580398536401 1.3622695207595825 21
1580398536476 1.3940494060516357 22
1580398536552 1.4201295375823975 23
1580398536627 1.4268721342086792 24
1580398536703 1.4161344766616821 25
1580398536778 1.4184799194335938 26
1580398536855 1.402052640914917 27
1580398536932 1.4230015277862549 28
1580398537009 1.4300276041030884 29
