1580398703635 0.23076923 0
1580398703684 0.46153846 1
1580398703738 0.46153846 2
1580398703793 0.15384616 3
1580398703846 0.3846154 4
1580398703901 0.30769232 5
1580398703955 0.53846157 6
1580398704010 0.30769232 7
1580398704065 0.46153846 8
1580398704153 0.53846157 9
1580398704236 0.3846154 10
1580398704319 0.53846157 11
1580398704403 0.3846154 12
1580398704487 0.15384616 13
1580398704571 0.46153846 14
1580398704655 0.30769232 15
1580398704738 0.53846157 16
1580398704822 0.3846154 17
1580398704906 0.6923077 18
1580398704991 0.6923077 19
1580398705075 0.6923077 20
1580398705159 0.53846157 21
1580398705244 0.30769232 22
1580398705328 0.53846157 23
1580398705413 0.61538464 24
1580398705497 0.30769232 25
1580398705582 0.46153846 26
1580398705666 0.61538464 27
1580398705751 0.7692308 28
1580398705835 0.61538464 29
