1580398703635 1.3814564943313599 0
1580398703684 1.363903522491455 1
1580398703738 1.3928108215332031 2
1580398703793 1.760054349899292 3
1580398703846 1.3886001110076904 4
1580398703901 1.2856411933898926 5
1580398703955 1.231438159942627 6
1580398704010 1.512473225593567 7
1580398704065 1.3244773149490356 8
1580398704153 1.079481601715088 9
1580398704236 1.4805805683135986 10
1580398704319 1.212764024734497 11
1580398704403 1.1679534912109375 12
1580398704487 1.364388108253479 13
1580398704571 0.9968186020851135 14
1580398704655 1.0123436450958252 15
1580398704738 0.8601178526878357 16
1580398704822 1.2165601253509521 17
1580398704906 0.8234396576881409 18
1580398704991 0.7884166240692139 19
1580398705075 0.8328591585159302 20
1580398705159 1.177108645439148 21
1580398705244 1.3885650634765625 22
1580398705328 0.7902912497520447 23
1580398705413 0.7923344373703003 24
1580398705497 1.2675455808639526 25
1580398705582 0.9054175019264221 26
1580398705666 0.8640339970588684 27
1580398705751 0.6088062524795532 28
1580398705835 0.796714723110199 29
