1580398512119 0.3846154 0
1580398512166 0.15384616 1
1580398512217 0.3846154 2
1580398512267 0.53846157 3
1580398512313 0.30769232 4
1580398512365 0.30769232 5
1580398512417 0.3846154 6
1580398512469 0.46153846 7
1580398512521 0.46153846 8
1580398512574 0.3846154 9
1580398512626 0.61538464 10
1580398512678 0.46153846 11
1580398512729 0.30769232 12
1580398512781 0.3846154 13
1580398512832 0.46153846 14
1580398512883 0.53846157 15
1580398512934 0.3846154 16
1580398512985 0.53846157 17
1580398513036 0.6923077 18
1580398513086 0.6923077 19
1580398513137 0.61538464 20
1580398513188 0.6923077 21
1580398513239 0.6923077 22
1580398513289 0.53846157 23
1580398513340 0.46153846 24
1580398513390 0.53846157 25
1580398513441 0.53846157 26
1580398513492 0.53846157 27
1580398513542 0.61538464 28
1580398513594 0.7692308 29
