1580398512119 1.3739590644836426 0
1580398512166 1.4077706336975098 1
1580398512217 1.3614444732666016 2
1580398512267 1.3359812498092651 3
1580398512313 1.3526183366775513 4
1580398512365 1.2721848487854004 5
1580398512417 1.3235033750534058 6
1580398512469 1.3044261932373047 7
1580398512521 1.3059815168380737 8
1580398512574 1.3030198812484741 9
1580398512626 1.2863318920135498 10
1580398512678 1.1838151216506958 11
1580398512729 1.2832062244415283 12
1580398512781 1.2280974388122559 13
1580398512832 1.2558938264846802 14
1580398512883 1.2379658222198486 15
1580398512934 1.2758831977844238 16
1580398512985 1.1360342502593994 17
1580398513036 1.0268725156784058 18
1580398513086 1.0170867443084717 19
1580398513137 1.0783387422561646 20
1580398513188 1.1320993900299072 21
1580398513239 0.9374263286590576 22
1580398513289 1.0256041288375854 23
1580398513340 1.0252783298492432 24
1580398513390 1.0489177703857422 25
1580398513441 1.0508719682693481 26
1580398513492 1.0710772275924683 27
1580398513542 0.8563660979270935 28
1580398513594 0.9317697286605835 29
