1580457078342 0.15384616 0
1580457078401 0.23076923 1
1580457078467 0.3846154 2
1580457078533 0.30769232 3
1580457078598 0.3846154 4
1580457078665 0.46153846 5
1580457078731 0.53846157 6
1580457078797 0.53846157 7
1580457078864 0.53846157 8
1580457078929 0.61538464 9
1580457078995 0.61538464 10
1580457079061 0.53846157 11
1580457079128 0.6923077 12
1580457079194 0.6923077 13
1580457079261 0.6923077 14
1580457079327 0.53846157 15
1580457079394 0.61538464 16
1580457079460 0.84615386 17
1580457079527 0.6923077 18
1580457079592 0.6923077 19
1580457079659 0.6923077 20
1580457079726 0.61538464 21
1580457079793 0.6923077 22
1580457079858 0.84615386 23
1580457079926 0.7692308 24
1580457079992 0.84615386 25
1580457080058 0.84615386 26
1580457080123 0.6923077 27
1580457080190 0.61538464 28
1580457080254 1.0 29
