1580457078342 1.4081778526306152 0
1580457078401 1.400606632232666 1
1580457078467 1.3525097370147705 2
1580457078533 1.3066329956054688 3
1580457078598 1.3277949094772339 4
1580457078665 1.1598894596099854 5
1580457078731 1.202879548072815 6
1580457078797 1.2017070055007935 7
1580457078864 1.1552897691726685 8
1580457078929 1.030640959739685 9
1580457078995 0.989534318447113 10
1580457079061 0.9362022876739502 11
1580457079128 0.7886446714401245 12
1580457079194 0.7882881760597229 13
1580457079261 0.7511037588119507 14
1580457079327 0.9127454161643982 15
1580457079394 0.7468662858009338 16
1580457079460 0.6381829977035522 17
1580457079527 0.6248578429222107 18
1580457079592 0.6766270995140076 19
1580457079659 0.6040611863136292 20
1580457079726 0.8541730642318726 21
1580457079793 0.6657413244247437 22
1580457079858 0.6101219654083252 23
1580457079926 0.6012014150619507 24
1580457079992 0.45776456594467163 25
1580457080058 0.6980273723602295 26
1580457080123 0.6618632674217224 27
1580457080190 0.7425727844238281 28
1580457080254 0.15921279788017273 29
