1580398666770 0.15384616 0
1580398666820 0.30769232 1
1580398666875 0.23076923 2
1580398666930 0.46153846 3
1580398666986 0.30769232 4
1580398667041 0.30769232 5
1580398667097 0.30769232 6
1580398667153 0.30769232 7
1580398667209 0.3846154 8
1580398667297 0.46153846 9
1580398667383 0.53846157 10
1580398667463 0.46153846 11
1580398667543 0.53846157 12
1580398667624 0.6923077 13
1580398667704 0.6923077 14
1580398667785 0.7692308 15
1580398667866 0.61538464 16
1580398667948 0.84615386 17
1580398668030 0.61538464 18
1580398668112 0.30769232 19
1580398668194 0.84615386 20
1580398668276 0.9230769 21
1580398668359 0.84615386 22
1580398668447 0.6923077 23
1580398668530 0.53846157 24
1580398668612 0.84615386 25
1580398668695 0.6923077 26
1580398668778 0.9230769 27
1580398668861 0.61538464 28
1580398668944 0.7692308 29
