1580398666770 1.4587022066116333 0
1580398666820 1.388122320175171 1
1580398666875 1.3883202075958252 2
1580398666930 1.330580472946167 3
1580398666986 1.3391979932785034 4
1580398667041 1.2941864728927612 5
1580398667097 1.465183973312378 6
1580398667153 1.2214194536209106 7
1580398667209 1.297768473625183 8
1580398667297 1.1260966062545776 9
1580398667383 1.0759673118591309 10
1580398667463 1.2376620769500732 11
1580398667543 1.0779027938842773 12
1580398667624 0.9019435048103333 13
1580398667704 0.8893200755119324 14
1580398667785 0.8210044503211975 15
1580398667866 0.8515749573707581 16
1580398667948 0.7099078893661499 17
1580398668030 0.7717163562774658 18
1580398668112 1.283608078956604 19
1580398668194 0.6466668248176575 20
1580398668276 0.5206459760665894 21
1580398668359 0.6147454380989075 22
1580398668447 0.6949738264083862 23
1580398668530 0.9445705413818359 24
1580398668612 0.5121281743049622 25
1580398668695 0.6085572838783264 26
1580398668778 0.4384729564189911 27
1580398668861 0.7028151750564575 28
1580398668944 0.5518071055412292 29
