1580457050747 0.30769232 0
1580457050808 0.3846154 1
1580457050874 0.23076923 2
1580457050938 0.07692308 3
1580457051003 0.23076923 4
1580457051068 0.15384616 5
1580457051133 0.30769232 6
1580457051198 0.46153846 7
1580457051260 0.46153846 8
1580457051325 0.46153846 9
1580457051389 0.3846154 10
1580457051454 0.46153846 11
1580457051519 0.3846154 12
1580457051584 0.53846157 13
1580457051649 0.30769232 14
1580457051714 0.3846154 15
1580457051777 0.3846154 16
1580457051842 0.61538464 17
1580457051907 0.46153846 18
1580457051973 0.3846154 19
1580457052038 0.6923077 20
1580457052104 0.53846157 21
1580457052167 0.6923077 22
1580457052233 0.53846157 23
1580457052297 0.84615386 24
1580457052359 0.53846157 25
1580457052423 0.53846157 26
1580457052489 0.84615386 27
1580457052552 0.61538464 28
1580457052618 0.53846157 29
