1580457050747 1.4023950099945068 0
1580457050808 1.31013023853302 1
1580457050874 1.4642257690429688 2
1580457050938 1.4948245286941528 3
1580457051003 1.351062297821045 4
1580457051068 1.3437949419021606 5
1580457051133 1.2916010618209839 6
1580457051198 1.174387812614441 7
1580457051260 1.1726462841033936 8
1580457051325 1.067104458808899 9
1580457051389 1.566519856452942 10
1580457051454 1.3690539598464966 11
1580457051519 0.9811995625495911 12
1580457051584 1.8085787296295166 13
1580457051649 1.4742262363433838 14
1580457051714 1.315880537033081 15
1580457051777 1.0692644119262695 16
1580457051842 0.8258583545684814 17
1580457051907 1.119672417640686 18
1580457051973 1.2203718423843384 19
1580457052038 0.7540692090988159 20
1580457052104 1.0014866590499878 21
1580457052167 0.7965660095214844 22
1580457052233 0.9455308318138123 23
1580457052297 0.7060971856117249 24
1580457052359 0.7714436054229736 25
1580457052423 1.0475245714187622 26
1580457052489 0.5516759753227234 27
1580457052552 0.7329282164573669 28
1580457052618 0.9374200105667114 29
