1580394059955 0.07692308 0
1580394060003 0.15384616 1
1580394060052 0.23076923 2
1580394060099 0.3846154 3
1580394060148 0.3846154 4
1580394060196 0.30769232 5
1580394060244 0.30769232 6
1580394060292 0.46153846 7
1580394060340 0.53846157 8
1580394060388 0.23076923 9
1580394060436 0.30769232 10
1580394060486 0.3846154 11
1580394060533 0.3846154 12
1580394060580 0.6923077 13
1580394060627 0.53846157 14
1580394060676 0.53846157 15
1580394060724 0.61538464 16
1580394060773 0.61538464 17
1580394060822 0.53846157 18
1580394060870 0.53846157 19
1580394060917 0.61538464 20
1580394060964 0.46153846 21
1580394061011 0.3846154 22
1580394061058 0.53846157 23
1580394061105 0.6923077 24
1580394061154 0.61538464 25
1580394061201 0.61538464 26
1580394061248 0.61538464 27
1580394061296 0.46153846 28
1580394061343 0.53846157 29
