1580394059955 1.5326253175735474 0
1580394060003 1.3626439571380615 1
1580394060052 1.4249958992004395 2
1580394060099 1.3781816959381104 3
1580394060148 1.335671305656433 4
1580394060196 1.3534150123596191 5
1580394060244 1.3509169816970825 6
1580394060292 1.3469758033752441 7
1580394060340 1.3281619548797607 8
1580394060388 1.4289822578430176 9
1580394060436 1.2852041721343994 10
1580394060486 1.3506965637207031 11
1580394060533 1.3287239074707031 12
1580394060580 1.2766410112380981 13
1580394060627 1.2866777181625366 14
1580394060676 1.2617244720458984 15
1580394060724 1.2386448383331299 16
1580394060773 1.2285131216049194 17
1580394060822 1.2814780473709106 18
1580394060870 1.1872445344924927 19
1580394060917 1.2035636901855469 20
1580394060964 1.3472498655319214 21
1580394061011 1.3041129112243652 22
1580394061058 1.2149964570999146 23
1580394061105 1.2078495025634766 24
1580394061154 1.1581206321716309 25
1580394061201 1.1883668899536133 26
1580394061248 1.1754412651062012 27
1580394061296 1.2042210102081299 28
1580394061343 1.1322251558303833 29
