1580457014711 0.30769232 0
1580457014770 0.30769232 1
1580457014834 0.3846154 2
1580457014897 0.30769232 3
1580457014962 0.30769232 4
1580457015026 0.46153846 5
1580457015091 0.3846154 6
1580457015155 0.53846157 7
1580457015220 0.30769232 8
1580457015284 0.46153846 9
1580457015348 0.61538464 10
1580457015411 0.46153846 11
1580457015475 0.7692308 12
1580457015540 0.61538464 13
1580457015605 0.46153846 14
1580457015667 0.61538464 15
1580457015732 0.53846157 16
1580457015796 0.6923077 17
1580457015861 0.84615386 18
1580457015927 0.6923077 19
1580457015992 0.9230769 20
1580457016057 0.84615386 21
1580457016122 0.7692308 22
1580457016187 0.7692308 23
1580457016252 0.9230769 24
1580457016317 0.9230769 25
1580457016382 0.61538464 26
1580457016448 0.84615386 27
1580457016513 1.0 28
1580457016579 0.7692308 29
