1580457014711 1.3934041261672974 0
1580457014770 1.33908212184906 1
1580457014834 1.3304895162582397 2
1580457014897 1.3255746364593506 3
1580457014962 1.3194563388824463 4
1580457015026 1.2075361013412476 5
1580457015091 1.2574677467346191 6
1580457015155 1.2562103271484375 7
1580457015220 1.218243956565857 8
1580457015284 1.109720230102539 9
1580457015348 1.1075057983398438 10
1580457015411 1.1049872636795044 11
1580457015475 0.8147504329681396 12
1580457015540 0.9004567265510559 13
1580457015605 0.9818304777145386 14
1580457015667 0.925588846206665 15
1580457015732 1.004245638847351 16
1580457015796 0.6736812591552734 17
1580457015861 0.7301527261734009 18
1580457015927 0.6908244490623474 19
1580457015992 0.4998130202293396 20
1580457016057 0.5743871331214905 21
1580457016122 0.5447543859481812 22
1580457016187 0.5971581935882568 23
1580457016252 0.4554411768913269 24
1580457016317 0.4375767707824707 25
1580457016382 0.7227414846420288 26
1580457016448 0.39239346981048584 27
1580457016513 0.17273837327957153 28
1580457016579 0.409067302942276 29
