1580457100725 0.07692308 0
1580457100785 0.30769232 1
1580457100851 0.30769232 2
1580457100915 0.3846154 3
1580457100980 0.53846157 4
1580457101045 0.3846154 5
1580457101110 0.3846154 6
1580457101175 0.3846154 7
1580457101239 0.46153846 8
1580457101302 0.53846157 9
1580457101369 0.53846157 10
1580457101434 0.46153846 11
1580457101500 0.6923077 12
1580457101601 0.6923077 13
1580457101700 0.84615386 14
1580457101802 0.61538464 15
1580457101900 0.53846157 16
1580457101997 0.7692308 17
1580457102093 0.7692308 18
1580457102189 0.61538464 19
1580457102287 0.61538464 20
1580457102384 0.9230769 21
1580457102483 0.84615386 22
1580457102581 0.7692308 23
1580457102678 0.84615386 24
1580457102775 0.84615386 25
1580457102872 0.84615386 26
1580457102970 0.7692308 27
1580457103069 1.0 28
1580457103167 0.9230769 29
