1580457100725 1.3863976001739502 0
1580457100785 1.3645224571228027 1
1580457100851 1.3471368551254272 2
1580457100915 1.3263964653015137 3
1580457100980 1.2600057125091553 4
1580457101045 1.3104139566421509 5
1580457101110 1.2002387046813965 6
1580457101175 1.2891052961349487 7
1580457101239 1.232181429862976 8
1580457101302 1.1852580308914185 9
1580457101369 1.091651439666748 10
1580457101434 0.9869276285171509 11
1580457101500 0.8553311824798584 12
1580457101601 0.7979459166526794 13
1580457101700 0.7161769866943359 14
1580457101802 0.8920379877090454 15
1580457101900 1.155818223953247 16
1580457101997 0.7731817960739136 17
1580457102093 0.7303835153579712 18
1580457102189 0.8212248086929321 19
1580457102287 0.7700657248497009 20
1580457102384 0.5974218845367432 21
1580457102483 0.6191880106925964 22
1580457102581 0.7992985844612122 23
1580457102678 0.49650657176971436 24
1580457102775 0.48476263880729675 25
1580457102872 0.5456254482269287 26
1580457102970 0.5094139575958252 27
1580457103069 0.25441524386405945 28
1580457103167 0.3182392716407776 29
