1580398518528 0.23076923 0
1580398518572 0.3846154 1
1580398518623 0.23076923 2
1580398518673 0.30769232 3
1580398518723 0.23076923 4
1580398518773 0.3846154 5
1580398518823 0.53846157 6
1580398518873 0.61538464 7
1580398518923 0.3846154 8
1580398518975 0.3846154 9
1580398519028 0.46153846 10
1580398519079 0.6923077 11
1580398519131 0.7692308 12
1580398519183 0.46153846 13
1580398519235 0.7692308 14
1580398519287 0.46153846 15
1580398519340 0.30769232 16
1580398519393 0.46153846 17
1580398519445 0.84615386 18
1580398519497 0.9230769 19
1580398519550 0.46153846 20
1580398519601 0.53846157 21
1580398519653 0.6923077 22
1580398519705 0.53846157 23
1580398519756 0.6923077 24
1580398519809 0.7692308 25
1580398519861 0.7692308 26
1580398519913 0.61538464 27
1580398519964 0.53846157 28
1580398520014 0.61538464 29
