1580398518528 1.4180201292037964 0
1580398518572 91.08451843261719 1
1580398518623 181.55670166015625 2
1580398518673 57.43654251098633 3
1580398518723 16.972227096557617 4
1580398518773 5.784750938415527 5
1580398518823 2.754983425140381 6
1580398518873 1.8854889869689941 7
1580398518923 20.08942985534668 8
1580398518975 10.058060646057129 9
1580398519028 2.261894464492798 10
1580398519079 0.5975193381309509 11
1580398519131 0.5946840643882751 12
1580398519183 0.9947994947433472 13
1580398519235 0.5657438039779663 14
1580398519287 1.4964948892593384 15
1580398519340 1.3349082469940186 16
1580398519393 1.0445218086242676 17
1580398519445 0.41723185777664185 18
1580398519497 0.2681066393852234 19
1580398519550 1.5915703773498535 20
1580398519601 0.643600583076477 21
1580398519653 0.6223584413528442 22
1580398519705 1.102985143661499 23
1580398519756 0.6291496753692627 24
1580398519809 0.481873095035553 25
1580398519861 0.6743875741958618 26
1580398519913 0.9444250464439392 27
1580398519964 1.142518401145935 28
1580398520014 0.8431333899497986 29
