1580398561745 0.30769232 0
1580398561792 0.23076923 1
1580398561843 0.3846154 2
1580398561894 0.61538464 3
1580398561946 0.46153846 4
1580398561998 0.46153846 5
1580398562049 0.61538464 6
1580398562101 0.53846157 7
1580398562152 0.53846157 8
1580398562203 0.61538464 9
1580398562255 0.61538464 10
1580398562308 0.61538464 11
1580398562361 0.6923077 12
1580398562415 0.7692308 13
1580398562467 0.84615386 14
1580398562520 0.7692308 15
1580398562573 0.61538464 16
1580398562626 0.6923077 17
1580398562678 0.84615386 18
1580398562731 0.7692308 19
1580398562782 0.6923077 20
1580398562836 0.61538464 21
1580398562890 0.84615386 22
1580398562944 0.84615386 23
1580398562996 0.9230769 24
1580398563048 0.9230769 25
1580398563102 1.0 26
1580398563156 0.9230769 27
1580398563210 0.7692308 28
1580398563264 0.9230769 29
