1580398561745 1.3944175243377686 0
1580398561792 3.2937216758728027 1
1580398561843 3.7848968505859375 2
1580398561894 1.710943341255188 3
1580398561946 1.2946217060089111 4
1580398561998 1.0524652004241943 5
1580398562049 0.9332599639892578 6
1580398562101 1.152472972869873 7
1580398562152 0.964449942111969 8
1580398562203 0.957866907119751 9
1580398562255 0.9142677783966064 10
1580398562308 0.7260400056838989 11
1580398562361 0.7319108247756958 12
1580398562415 0.778122067451477 13
1580398562467 0.5559005737304688 14
1580398562520 0.6485145092010498 15
1580398562573 0.7602866888046265 16
1580398562626 0.6340691447257996 17
1580398562678 0.40207913517951965 18
1580398562731 0.7030384540557861 19
1580398562782 0.577926754951477 20
1580398562836 0.8808637261390686 21
1580398562890 0.6007582545280457 22
1580398562944 0.48272135853767395 23
1580398562996 0.5022706985473633 24
1580398563048 0.26843738555908203 25
1580398563102 0.20855668187141418 26
1580398563156 0.4008414149284363 27
1580398563210 0.4586477279663086 28
1580398563264 0.32048723101615906 29
