1580398869333 0.30769232 0
1580398869387 0.53846157 1
1580398869444 0.23076923 2
1580398869502 0.3846154 3
1580398869560 0.30769232 4
1580398869617 0.30769232 5
1580398869676 0.23076923 6
1580398869734 0.30769232 7
1580398869792 0.61538464 8
1580398869850 0.46153846 9
1580398869909 0.53846157 10
1580398869969 0.46153846 11
1580398870027 0.46153846 12
1580398870087 0.46153846 13
1580398870147 0.3846154 14
1580398870206 0.3846154 15
1580398870266 0.61538464 16
1580398870325 0.6923077 17
1580398870384 0.6923077 18
1580398870442 0.7692308 19
1580398870503 0.6923077 20
1580398870564 0.7692308 21
1580398870625 0.7692308 22
1580398870686 0.84615386 23
1580398870745 0.9230769 24
1580398870806 0.6923077 25
1580398870865 0.9230769 26
1580398870925 0.84615386 27
1580398870984 0.9230769 28
1580398871043 0.84615386 29
