1580398869333 1.361264705657959 0
1580398869387 1.355948567390442 1
1580398869444 1.3776447772979736 2
1580398869502 1.3193039894104004 3
1580398869560 1.3104089498519897 4
1580398869617 1.3093757629394531 5
1580398869676 1.327826738357544 6
1580398869734 1.3388783931732178 7
1580398869792 1.2390986680984497 8
1580398869850 1.19185209274292 9
1580398869909 1.134205937385559 10
1580398869969 1.1597981452941895 11
1580398870027 1.1226260662078857 12
1580398870087 1.1461031436920166 13
1580398870147 1.2355849742889404 14
1580398870206 1.0341230630874634 15
1580398870266 0.9505898952484131 16
1580398870325 0.9638757109642029 17
1580398870384 0.8701953291893005 18
1580398870442 0.7599390745162964 19
1580398870503 0.858352780342102 20
1580398870564 0.805712103843689 21
1580398870625 0.7199154496192932 22
1580398870686 0.6547794938087463 23
1580398870745 0.5065606832504272 24
1580398870806 0.6503649353981018 25
1580398870865 0.4798026382923126 26
1580398870925 0.40632393956184387 27
1580398870984 0.3641131818294525 28
1580398871043 0.5327457189559937 29
