1580398850653 0.15384616 0
1580398850706 0.30769232 1
1580398850763 0.3846154 2
1580398850820 0.30769232 3
1580398850877 0.30769232 4
1580398850935 0.30769232 5
1580398850992 0.3846154 6
1580398851050 0.3846154 7
1580398851108 0.61538464 8
1580398851165 0.3846154 9
1580398851223 0.6923077 10
1580398851280 0.30769232 11
1580398851338 0.61538464 12
1580398851395 0.61538464 13
1580398851455 0.6923077 14
1580398851514 0.6923077 15
1580398851572 0.53846157 16
1580398851631 0.46153846 17
1580398851690 0.53846157 18
1580398851748 0.6923077 19
1580398851806 0.84615386 20
1580398851864 0.7692308 21
1580398851923 0.84615386 22
1580398851981 0.6923077 23
1580398852039 0.6923077 24
1580398852098 0.6923077 25
1580398852157 0.84615386 26
1580398852218 0.61538464 27
1580398852277 0.7692308 28
1580398852336 0.84615386 29
