1580398850653 1.4108312129974365 0
1580398850706 1.3907653093338013 1
1580398850763 1.3628607988357544 2
1580398850820 1.3702137470245361 3
1580398850877 1.302923321723938 4
1580398850935 1.3664493560791016 5
1580398850992 1.3162354230880737 6
1580398851050 1.3348181247711182 7
1580398851108 1.2497272491455078 8
1580398851165 1.3281733989715576 9
1580398851223 1.1678845882415771 10
1580398851280 1.3382372856140137 11
1580398851338 1.2273045778274536 12
1580398851395 1.007336139678955 13
1580398851455 0.9313682317733765 14
1580398851514 0.8018477559089661 15
1580398851572 1.007893681526184 16
1580398851631 1.0108438730239868 17
1580398851690 0.9280155897140503 18
1580398851748 0.663439154624939 19
1580398851806 0.8052290678024292 20
1580398851864 0.7442442178726196 21
1580398851923 0.6986923217773438 22
1580398851981 0.7850162982940674 23
1580398852039 0.7018225789070129 24
1580398852098 0.6523122191429138 25
1580398852157 0.6521707773208618 26
1580398852218 0.7111333608627319 27
1580398852277 0.5713934302330017 28
1580398852336 0.5251146554946899 29
