1580394044776 0.07692308 0
1580394044820 0.15384616 1
1580394044868 0.23076923 2
1580394044917 0.3846154 3
1580394044965 0.3846154 4
1580394045014 0.30769232 5
1580394045061 0.30769232 6
1580394045110 0.3846154 7
1580394045159 0.53846157 8
1580394045211 0.3846154 9
1580394045259 0.30769232 10
1580394045308 0.3846154 11
1580394045356 0.30769232 12
1580394045406 0.53846157 13
1580394045455 0.53846157 14
1580394045504 0.53846157 15
1580394045552 0.7692308 16
1580394045601 0.7692308 17
1580394045651 0.6923077 18
1580394045701 0.7692308 19
1580394045750 0.7692308 20
1580394045798 0.46153846 21
1580394045847 0.3846154 22
1580394045896 0.61538464 23
1580394045944 0.7692308 24
1580394045992 0.84615386 25
1580394046041 0.61538464 26
1580394046090 0.7692308 27
1580394046138 0.84615386 28
1580394046187 0.53846157 29
