1580394044776 1.5326253175735474 0
1580394044820 1.3626439571380615 1
1580394044868 1.4218981266021729 2
1580394044917 1.3777697086334229 3
1580394044965 1.326699137687683 4
1580394045014 1.3365998268127441 5
1580394045061 1.3233669996261597 6
1580394045110 1.3286279439926147 7
1580394045159 1.2787100076675415 8
1580394045211 1.3628722429275513 9
1580394045259 1.24984610080719 10
1580394045308 1.3494027853012085 11
1580394045356 1.3131027221679688 12
1580394045406 1.2105704545974731 13
1580394045455 1.1998120546340942 14
1580394045504 1.1456362009048462 15
1580394045552 1.096164345741272 16
1580394045601 1.0505388975143433 17
1580394045651 1.0961161851882935 18
1580394045701 1.0629624128341675 19
1580394045750 0.9852467775344849 20
1580394045798 1.244251012802124 21
1580394045847 1.1742870807647705 22
1580394045896 0.9570782780647278 23
1580394045944 0.9023418426513672 24
1580394045992 0.8622909784317017 25
1580394046041 0.8980017304420471 26
1580394046090 0.858573853969574 27
1580394046138 0.8943272829055786 28
1580394046187 0.8365474343299866 29
