1580457137080 0.15384616 0
1580457137140 0.46153846 1
1580457137206 0.3846154 2
1580457137271 0.30769232 3
1580457137337 0.53846157 4
1580457137400 0.46153846 5
1580457137463 0.3846154 6
1580457137526 0.3846154 7
1580457137589 0.53846157 8
1580457137653 0.7692308 9
1580457137717 0.46153846 10
1580457137783 0.53846157 11
1580457137847 0.53846157 12
1580457137912 0.53846157 13
1580457137976 0.84615386 14
1580457138042 0.53846157 15
1580457138109 0.7692308 16
1580457138174 0.46153846 17
1580457138237 0.84615386 18
1580457138301 0.9230769 19
1580457138366 0.7692308 20
1580457138429 0.84615386 21
1580457138496 0.9230769 22
1580457138561 1.0 23
1580457138627 0.84615386 24
1580457138697 0.84615386 25
1580457138761 0.61538464 26
1580457138826 0.6923077 27
1580457138892 0.61538464 28
1580457138957 0.84615386 29
