1580457137080 1.412574291229248 0
1580457137140 1.358025312423706 1
1580457137206 1.3385602235794067 2
1580457137271 1.2884496450424194 3
1580457137337 1.2078860998153687 4
1580457137400 1.1721241474151611 5
1580457137463 1.2990975379943848 6
1580457137526 1.416215419769287 7
1580457137589 1.1025649309158325 8
1580457137653 0.8096573352813721 9
1580457137717 1.0886794328689575 10
1580457137783 0.8265320062637329 11
1580457137847 1.119576334953308 12
1580457137912 0.8748067617416382 13
1580457137976 0.5912784934043884 14
1580457138042 0.9041771292686462 15
1580457138109 0.6566796898841858 16
1580457138174 1.0058934688568115 17
1580457138237 0.709382176399231 18
1580457138301 0.5831450819969177 19
1580457138366 0.48379671573638916 20
1580457138429 0.5488337278366089 21
1580457138496 0.4737774729728699 22
1580457138561 0.3061096966266632 23
1580457138627 0.3718106150627136 24
1580457138697 0.6869013905525208 25
1580457138761 0.9373437166213989 26
1580457138826 0.7090978026390076 27
1580457138892 0.7129202485084534 28
1580457138957 0.41445666551589966 29
