1580456993717 0.07692308 0
1580456993773 0.15384616 1
1580456993834 0.30769232 2
1580456993896 0.3846154 3
1580456993957 0.23076923 4
1580456994023 0.30769232 5
1580456994121 0.61538464 6
1580456994213 0.46153846 7
1580456994306 0.46153846 8
1580456994399 0.3846154 9
1580456994493 0.61538464 10
1580456994587 0.61538464 11
1580456994679 0.61538464 12
1580456994772 0.53846157 13
1580456994866 0.7692308 14
1580456994961 0.6923077 15
1580456995055 0.46153846 16
1580456995149 0.46153846 17
1580456995243 0.53846157 18
1580456995338 0.53846157 19
1580456995433 0.6923077 20
1580456995527 0.7692308 21
1580456995622 0.84615386 22
1580456995717 0.7692308 23
1580456995812 0.61538464 24
1580456995909 0.61538464 25
1580456996004 0.30769232 26
1580456996099 0.7692308 27
1580456996195 0.7692308 28
1580456996290 0.61538464 29
