1580456993717 1.4077086448669434 0
1580456993773 1.408321499824524 1
1580456993834 1.371429681777954 2
1580456993896 1.3309048414230347 3
1580456993957 1.3307493925094604 4
1580456994023 1.4045846462249756 5
1580456994121 1.2281494140625 6
1580456994213 1.193685531616211 7
1580456994306 1.2380784749984741 8
1580456994399 1.2338535785675049 9
1580456994493 1.115277647972107 10
1580456994587 0.9324052333831787 11
1580456994679 1.0176396369934082 12
1580456994772 0.9380509257316589 13
1580456994866 0.7378032207489014 14
1580456994961 0.7618516683578491 15
1580456995055 1.0492796897888184 16
1580456995149 0.9469077587127686 17
1580456995243 0.889030396938324 18
1580456995338 0.8101906180381775 19
1580456995433 0.7093043923377991 20
1580456995527 0.7092174887657166 21
1580456995622 0.4202556610107422 22
1580456995717 0.43464234471321106 23
1580456995812 0.6655722260475159 24
1580456995909 0.8338455557823181 25
1580456996004 1.1312079429626465 26
1580456996099 0.8376252055168152 27
1580456996195 0.4631025493144989 28
1580456996290 0.7791510224342346 29
