1580398810433 0.15384616 0
1580398810487 0.23076923 1
1580398810546 0.30769232 2
1580398810604 0.53846157 3
1580398810663 0.30769232 4
1580398810721 0.3846154 5
1580398810780 0.3846154 6
1580398810838 0.61538464 7
1580398810897 0.53846157 8
1580398810956 0.46153846 9
1580398811013 0.46153846 10
1580398811071 0.53846157 11
1580398811128 0.46153846 12
1580398811187 0.6923077 13
1580398811244 0.30769232 14
1580398811301 0.53846157 15
1580398811361 0.46153846 16
1580398811419 0.6923077 17
1580398811476 0.53846157 18
1580398811533 0.53846157 19
1580398811590 0.61538464 20
1580398811648 0.6923077 21
1580398811707 0.53846157 22
1580398811765 0.9230769 23
1580398811824 0.53846157 24
1580398811882 0.6923077 25
1580398811941 0.84615386 26
1580398812000 0.46153846 27
1580398812058 0.9230769 28
1580398812116 0.6923077 29
