1580398810433 1.4176169633865356 0
1580398810487 1.3704167604446411 1
1580398810546 1.3780174255371094 2
1580398810604 1.3154031038284302 3
1580398810663 1.378326177597046 4
1580398810721 1.3201261758804321 5
1580398810780 1.3180928230285645 6
1580398810838 1.2622491121292114 7
1580398810897 1.2623366117477417 8
1580398810956 1.284871220588684 9
1580398811013 1.2860569953918457 10
1580398811071 1.1748470067977905 11
1580398811128 1.2219351530075073 12
1580398811187 1.1528695821762085 13
1580398811244 1.2702609300613403 14
1580398811301 1.1251429319381714 15
1580398811361 1.1256535053253174 16
1580398811419 0.9557351469993591 17
1580398811476 1.0544297695159912 18
1580398811533 1.0593031644821167 19
1580398811590 0.8011502623558044 20
1580398811648 0.9775000214576721 21
1580398811707 0.9068590402603149 22
1580398811765 0.8128477334976196 23
1580398811824 0.8465776443481445 24
1580398811882 0.7696500420570374 25
1580398811941 0.6233960390090942 26
1580398812000 0.8572530150413513 27
1580398812058 0.6360691785812378 28
1580398812116 0.6289405226707458 29
