1580398713942 0.23076923 0
1580398713991 0.53846157 1
1580398714046 0.46153846 2
1580398714101 0.46153846 3
1580398714160 0.61538464 4
1580398714216 0.46153846 5
1580398714272 0.30769232 6
1580398714327 0.61538464 7
1580398714383 0.46153846 8
1580398714439 0.30769232 9
1580398714494 0.3846154 10
1580398714549 0.61538464 11
1580398714605 0.61538464 12
1580398714660 0.46153846 13
1580398714715 0.61538464 14
1580398714771 0.61538464 15
1580398714827 0.6923077 16
1580398714881 0.53846157 17
1580398714936 0.84615386 18
1580398714992 0.61538464 19
1580398715047 0.7692308 20
1580398715103 0.61538464 21
1580398715158 0.6923077 22
1580398715213 0.53846157 23
1580398715269 0.7692308 24
1580398715324 0.61538464 25
1580398715381 0.6923077 26
1580398715439 0.53846157 27
1580398715495 0.53846157 28
1580398715550 0.7692308 29
