1580398713942 1.3664307594299316 0
1580398713991 1.2809383869171143 1
1580398714046 1.238930583000183 2
1580398714101 1.1873953342437744 3
1580398714160 1.2295880317687988 4
1580398714216 1.4851104021072388 5
1580398714272 1.1855462789535522 6
1580398714327 1.0219159126281738 7
1580398714383 1.1853440999984741 8
1580398714439 0.9907051920890808 9
1580398714494 1.1410472393035889 10
1580398714549 0.9905306100845337 11
1580398714605 0.8198906779289246 12
1580398714660 0.9032993316650391 13
1580398714715 0.9792503714561462 14
1580398714771 0.8356807231903076 15
1580398714827 0.8264179229736328 16
1580398714881 0.824946939945221 17
1580398714936 0.5300315022468567 18
1580398714992 0.7859833240509033 19
1580398715047 0.6124789714813232 20
1580398715103 0.8444027304649353 21
1580398715158 0.6070616245269775 22
1580398715213 0.9092706441879272 23
1580398715269 0.7484099268913269 24
1580398715324 0.7509149312973022 25
1580398715381 0.6780380606651306 26
1580398715439 1.0121290683746338 27
1580398715495 0.9092130064964294 28
1580398715550 0.573123574256897 29
