1580398645632 0.30769232 0
1580398645680 0.46153846 1
1580398645734 0.3846154 2
1580398645788 0.3846154 3
1580398645841 0.3846154 4
1580398645895 0.3846154 5
1580398645948 0.46153846 6
1580398646002 0.61538464 7
1580398646055 0.46153846 8
1580398646108 0.61538464 9
1580398646162 0.46153846 10
1580398646215 0.61538464 11
1580398646268 0.53846157 12
1580398646322 0.53846157 13
1580398646376 0.53846157 14
1580398646430 0.61538464 15
1580398646483 0.46153846 16
1580398646537 0.6923077 17
1580398646590 0.7692308 18
1580398646643 0.61538464 19
1580398646697 0.53846157 20
1580398646750 0.7692308 21
1580398646804 0.7692308 22
1580398646857 0.6923077 23
1580398646911 0.7692308 24
1580398646965 0.84615386 25
1580398647019 0.7692308 26
1580398647074 0.84615386 27
1580398647128 0.84615386 28
1580398647183 0.9230769 29
