1580398645632 1.388444185256958 0
1580398645680 1.3358453512191772 1
1580398645734 1.3351123332977295 2
1580398645788 1.3216454982757568 3
1580398645841 1.3505728244781494 4
1580398645895 1.2853219509124756 5
1580398645948 1.2491647005081177 6
1580398646002 1.1667819023132324 7
1580398646055 1.0976550579071045 8
1580398646108 1.0396043062210083 9
1580398646162 1.0795263051986694 10
1580398646215 0.8989865183830261 11
1580398646268 0.9056791067123413 12
1580398646322 0.9817332029342651 13
1580398646376 0.8933787941932678 14
1580398646430 0.8195688724517822 15
1580398646483 0.910115122795105 16
1580398646537 0.954043447971344 17
1580398646590 0.6853721141815186 18
1580398646643 0.921845555305481 19
1580398646697 0.7627167105674744 20
1580398646750 0.5380972623825073 21
1580398646804 0.7421796321868896 22
1580398646857 0.5782600045204163 23
1580398646911 0.597312331199646 24
1580398646965 0.5093188881874084 25
1580398647019 0.5641167163848877 26
1580398647074 0.465252548456192 27
1580398647128 0.46807894110679626 28
1580398647183 0.32114318013191223 29
