1580457070389 0.15384616 0
1580457070450 0.30769232 1
1580457070516 0.30769232 2
1580457070581 0.46153846 3
1580457070646 0.30769232 4
1580457070711 0.3846154 5
1580457070775 0.30769232 6
1580457070840 0.53846157 7
1580457070902 0.46153846 8
1580457070964 0.23076923 9
1580457071030 0.53846157 10
1580457071095 0.3846154 11
1580457071160 0.61538464 12
1580457071226 0.30769232 13
1580457071293 0.30769232 14
1580457071396 0.3846154 15
1580457071493 0.53846157 16
1580457071590 0.53846157 17
1580457071687 0.46153846 18
1580457071783 0.6923077 19
1580457071880 0.53846157 20
1580457071978 0.61538464 21
1580457072075 0.3846154 22
1580457072173 0.6923077 23
1580457072270 0.53846157 24
1580457072367 0.61538464 25
1580457072463 0.7692308 26
1580457072559 0.61538464 27
1580457072655 0.6923077 28
1580457072752 0.61538464 29
