1580457070389 1.4276752471923828 0
1580457070450 1.4173331260681152 1
1580457070516 1.3645058870315552 2
1580457070581 1.353703260421753 3
1580457070646 1.3188444375991821 4
1580457070711 1.359045147895813 5
1580457070775 1.3201216459274292 6
1580457070840 1.272376537322998 7
1580457070902 1.2710182666778564 8
1580457070964 1.3709441423416138 9
1580457071030 1.2568471431732178 10
1580457071095 1.3320814371109009 11
1580457071160 1.226433277130127 12
1580457071226 1.2593985795974731 13
1580457071293 1.386883020401001 14
1580457071396 1.2805348634719849 15
1580457071493 1.2061899900436401 16
1580457071590 1.1607825756072998 17
1580457071687 1.2075550556182861 18
1580457071783 1.1117358207702637 19
1580457071880 1.143358826637268 20
1580457071978 1.1665921211242676 21
1580457072075 1.219455599784851 22
1580457072173 1.1448489427566528 23
1580457072270 1.1380715370178223 24
1580457072367 1.0371533632278442 25
1580457072463 1.055325984954834 26
1580457072559 1.0839449167251587 27
1580457072655 0.9636591672897339 28
1580457072752 1.043670892715454 29
