1580367656606 0.07692308 0
1580367656653 0.30769232 1
1580367656701 0.23076923 2
1580367656748 0.30769232 3
1580367656796 0.3846154 4
1580367656844 0.53846157 5
1580367656890 0.30769232 6
1580367656937 0.46153846 7
1580367656988 0.46153846 8
1580367657037 0.23076923 9
1580367657087 0.53846157 10
1580367657162 0.3846154 11
1580367657233 0.46153846 12
1580367657311 0.53846157 13
1580367657387 0.53846157 14
1580367657458 0.53846157 15
1580367657529 0.6923077 16
1580367657600 0.61538464 17
1580367657670 0.53846157 18
1580367657740 0.53846157 19
1580367657811 0.6923077 20
1580367657882 0.3846154 21
1580367657953 0.53846157 22
1580367658024 0.61538464 23
1580367658095 0.61538464 24
1580367658166 0.61538464 25
1580367658237 0.53846157 26
1580367658307 0.61538464 27
1580367658379 0.46153846 28
1580367658451 0.61538464 29
