1580367656606 1.5326253175735474 0
1580367656653 1.3474558591842651 1
1580367656701 1.4099059104919434 2
1580367656748 1.3594061136245728 3
1580367656796 1.3412292003631592 4
1580367656844 1.3314831256866455 5
1580367656890 1.348926067352295 6
1580367656937 1.3523017168045044 7
1580367656988 1.3419100046157837 8
1580367657037 1.4520195722579956 9
1580367657087 1.2651689052581787 10
1580367657162 1.3337041139602661 11
1580367657233 1.304365634918213 12
1580367657311 1.293489933013916 13
1580367657387 1.2639350891113281 14
1580367657458 1.2564449310302734 15
1580367657529 1.2335318326950073 16
1580367657600 1.2597033977508545 17
1580367657670 1.3331122398376465 18
1580367657740 1.2070302963256836 19
1580367657811 1.2467581033706665 20
1580367657882 1.3733365535736084 21
1580367657953 1.3231823444366455 22
1580367658024 1.2456333637237549 23
1580367658095 1.2243913412094116 24
1580367658166 1.2260191440582275 25
1580367658237 1.2385355234146118 26
1580367658307 1.2697415351867676 27
1580367658379 1.2437540292739868 28
1580367658451 1.1645909547805786 29
