1580398837281 0.15384616 0
1580398837338 0.30769232 1
1580398837396 0.30769232 2
1580398837454 0.30769232 3
1580398837512 0.30769232 4
1580398837570 0.30769232 5
1580398837629 0.3846154 6
1580398837689 0.3846154 7
1580398837749 0.3846154 8
1580398837806 0.46153846 9
1580398837866 0.46153846 10
1580398837925 0.46153846 11
1580398837982 0.46153846 12
1580398838041 0.53846157 13
1580398838098 0.61538464 14
1580398838156 0.53846157 15
1580398838213 0.46153846 16
1580398838271 0.46153846 17
1580398838330 0.3846154 18
1580398838389 0.53846157 19
1580398838448 0.7692308 20
1580398838508 0.61538464 21
1580398838568 0.7692308 22
1580398838626 0.61538464 23
1580398838685 0.7692308 24
1580398838749 0.61538464 25
1580398838809 0.61538464 26
1580398838870 0.7692308 27
1580398838929 0.7692308 28
1580398838987 0.7692308 29
