1580398837281 1.4124423265457153 0
1580398837338 1.3705605268478394 1
1580398837396 1.3969435691833496 2
1580398837454 1.3429795503616333 3
1580398837512 1.3484535217285156 4
1580398837570 1.3326257467269897 5
1580398837629 1.2608367204666138 6
1580398837689 1.300481915473938 7
1580398837749 1.2557871341705322 8
1580398837806 1.1664968729019165 9
1580398837866 1.102019190788269 10
1580398837925 1.0049293041229248 11
1580398837982 1.0334734916687012 12
1580398838041 0.888451337814331 13
1580398838098 0.9629148244857788 14
1580398838156 0.9325538873672485 15
1580398838213 0.9004706740379333 16
1580398838271 0.9967823624610901 17
1580398838330 0.9392293691635132 18
1580398838389 0.9876359701156616 19
1580398838448 0.8678628206253052 20
1580398838508 0.8368921875953674 21
1580398838568 0.7156571745872498 22
1580398838626 0.6942026615142822 23
1580398838685 0.6582214832305908 24
1580398838749 1.0464861392974854 25
1580398838809 0.7337903380393982 26
1580398838870 0.6307828426361084 27
1580398838929 0.523188054561615 28
1580398838987 0.6690769195556641 29
