1580456915973 0.23076923 0
1580456916029 0.23076923 1
1580456916090 0.30769232 2
1580456916151 0.3846154 3
1580456916212 0.3846154 4
1580456916274 0.23076923 5
1580456916337 0.46153846 6
1580456916399 0.46153846 7
1580456916460 0.30769232 8
1580456916522 0.3846154 9
1580456916585 0.53846157 10
1580456916647 0.6923077 11
1580456916709 0.3846154 12
1580456916769 0.53846157 13
1580456916828 0.46153846 14
1580456916889 0.84615386 15
1580456916948 0.6923077 16
1580456917009 0.7692308 17
1580456917071 0.53846157 18
1580456917133 0.53846157 19
1580456917192 0.6923077 20
1580456917255 0.84615386 21
1580456917354 0.84615386 22
1580456917445 0.84615386 23
1580456917538 0.6923077 24
1580456917630 0.9230769 25
1580456917724 1.0 26
1580456917822 0.9230769 27
1580456917915 0.7692308 28
1580456918008 0.7692308 29
