1580456915973 1.4081374406814575 0
1580456916029 1.3995211124420166 1
1580456916090 1.4091551303863525 2
1580456916151 1.3795127868652344 3
1580456916212 1.3085861206054688 4
1580456916274 1.3646659851074219 5
1580456916337 1.2588683366775513 6
1580456916399 1.3143386840820312 7
1580456916460 1.2356178760528564 8
1580456916522 1.2275310754776 9
1580456916585 1.1009430885314941 10
1580456916647 1.0426275730133057 11
1580456916709 1.1825059652328491 12
1580456916769 1.0972427129745483 13
1580456916828 1.1285998821258545 14
1580456916889 0.8407943248748779 15
1580456916948 0.9393427968025208 16
1580456917009 0.923957109451294 17
1580456917071 0.9711940288543701 18
1580456917133 0.8502880334854126 19
1580456917192 0.8236269354820251 20
1580456917255 0.7338024973869324 21
1580456917354 0.6452057361602783 22
1580456917445 0.6641307473182678 23
1580456917538 0.7505607008934021 24
1580456917630 0.48190462589263916 25
1580456917724 0.4581606686115265 26
1580456917822 0.4326755106449127 27
1580456917915 0.3592424690723419 28
1580456918008 0.4157714247703552 29
