1580398846270 0.15384616 0
1580398846322 0.46153846 1
1580398846379 0.23076923 2
1580398846437 0.30769232 3
1580398846495 0.3846154 4
1580398846553 0.3846154 5
1580398846611 0.53846157 6
1580398846668 0.30769232 7
1580398846726 0.46153846 8
1580398846784 0.6923077 9
1580398846842 0.3846154 10
1580398846902 0.46153846 11
1580398846961 0.53846157 12
1580398847020 0.61538464 13
1580398847078 0.61538464 14
1580398847135 0.61538464 15
1580398847193 0.9230769 16
1580398847251 0.6923077 17
1580398847310 0.7692308 18
1580398847368 0.84615386 19
1580398847427 0.61538464 20
1580398847485 0.7692308 21
1580398847543 0.6923077 22
1580398847601 0.61538464 23
1580398847660 0.6923077 24
1580398847719 0.9230769 25
1580398847778 0.84615386 26
1580398847836 0.6923077 27
1580398847895 0.61538464 28
1580398847953 0.84615386 29
