1580398846270 1.4074122905731201 0
1580398846322 1.345597743988037 1
1580398846379 1.3332798480987549 2
1580398846437 1.3951281309127808 3
1580398846495 1.2909951210021973 4
1580398846553 1.3727526664733887 5
1580398846611 1.140815258026123 6
1580398846668 1.202378749847412 7
1580398846726 1.150471568107605 8
1580398846784 1.1122666597366333 9
1580398846842 1.2604566812515259 10
1580398846902 1.0996054410934448 11
1580398846961 1.0539206266403198 12
1580398847020 0.9313746690750122 13
1580398847078 0.7977650165557861 14
1580398847135 0.9740289449691772 15
1580398847193 0.5679572820663452 16
1580398847251 0.6103664636611938 17
1580398847310 0.6697219014167786 18
1580398847368 0.5912233591079712 19
1580398847427 0.8324916362762451 20
1580398847485 0.6169214844703674 21
1580398847543 0.872779905796051 22
1580398847601 0.6718235611915588 23
1580398847660 0.6152160167694092 24
1580398847719 0.4873574376106262 25
1580398847778 0.43416422605514526 26
1580398847836 0.6444419026374817 27
1580398847895 0.5963776707649231 28
1580398847953 0.5033434629440308 29
