1580398583556 0.30769232 0
1580398583605 0.3846154 1
1580398583659 0.15384616 2
1580398583711 0.3846154 3
1580398583764 0.30769232 4
1580398583818 0.23076923 5
1580398583872 0.3846154 6
1580398583926 0.46153846 7
1580398583979 0.53846157 8
1580398584033 0.3846154 9
1580398584086 0.30769232 10
1580398584140 0.46153846 11
1580398584193 0.6923077 12
1580398584247 0.30769232 13
1580398584300 0.61538464 14
1580398584354 0.3846154 15
1580398584408 0.53846157 16
1580398584462 0.3846154 17
1580398584516 0.61538464 18
1580398584570 0.84615386 19
1580398584624 0.46153846 20
1580398584678 0.61538464 21
1580398584732 0.53846157 22
1580398584787 0.6923077 23
1580398584840 0.6923077 24
1580398584894 0.61538464 25
1580398584948 0.61538464 26
1580398585003 0.7692308 27
1580398585057 0.7692308 28
1580398585110 0.7692308 29
