1580398583556 1.3671422004699707 0
1580398583605 1.322521686553955 1
1580398583659 1.3857858180999756 2
1580398583711 1.3593101501464844 3
1580398583764 1.4093220233917236 4
1580398583818 1.3268300294876099 5
1580398583872 1.3707700967788696 6
1580398583926 1.3030122518539429 7
1580398583979 1.2441054582595825 8
1580398584033 1.3118345737457275 9
1580398584086 1.303541898727417 10
1580398584140 1.2726415395736694 11
1580398584193 1.1257529258728027 12
1580398584247 1.3275563716888428 13
1580398584300 1.1353540420532227 14
1580398584354 1.2481166124343872 15
1580398584408 1.1276040077209473 16
1580398584462 1.244522213935852 17
1580398584516 1.22708261013031 18
1580398584570 1.0032684803009033 19
1580398584624 1.152472734451294 20
1580398584678 0.9847522377967834 21
1580398584732 1.0931403636932373 22
1580398584787 0.9177652597427368 23
1580398584840 0.862273097038269 24
1580398584894 1.0074164867401123 25
1580398584948 0.9733678102493286 26
1580398585003 1.0283260345458984 27
1580398585057 0.9125916957855225 28
1580398585110 1.0046637058258057 29
