1580398528699 0.15384616 0
1580398528745 0.07692308 1
1580398528796 0.30769232 2
1580398528847 0.23076923 3
1580398528897 0.30769232 4
1580398528947 0.30769232 5
1580398528997 0.30769232 6
1580398529048 0.46153846 7
1580398529098 0.23076923 8
1580398529148 0.61538464 9
1580398529200 0.3846154 10
1580398529252 0.6923077 11
1580398529302 0.61538464 12
1580398529352 0.3846154 13
1580398529402 0.46153846 14
1580398529453 0.84615386 15
1580398529504 0.7692308 16
1580398529555 0.46153846 17
1580398529607 0.6923077 18
1580398529658 0.7692308 19
1580398529711 0.7692308 20
1580398529761 0.84615386 21
1580398529812 0.84615386 22
1580398529863 0.7692308 23
1580398529914 0.6923077 24
1580398529965 0.7692308 25
1580398530018 0.6923077 26
1580398530071 0.84615386 27
1580398530124 0.84615386 28
1580398530176 0.7692308 29
