1580398528699 1.4255352020263672 0
1580398528745 1.495153546333313 1
1580398528796 1.388423204421997 2
1580398528847 1.366424322128296 3
1580398528897 1.3556162118911743 4
1580398528947 1.4245606660842896 5
1580398528997 1.2251592874526978 6
1580398529048 1.3357901573181152 7
1580398529098 1.434131383895874 8
1580398529148 1.2501132488250732 9
1580398529200 1.3464311361312866 10
1580398529252 1.1644572019577026 11
1580398529302 1.1230562925338745 12
1580398529352 1.188248872756958 13
1580398529402 1.1328920125961304 14
1580398529453 0.9295664429664612 15
1580398529504 0.8050660490989685 16
1580398529555 1.0393967628479004 17
1580398529607 0.8873709440231323 18
1580398529658 0.7983357906341553 19
1580398529711 0.8281956315040588 20
1580398529761 0.6658449769020081 21
1580398529812 0.6066718101501465 22
1580398529863 0.6436591744422913 23
1580398529914 0.6526719331741333 24
1580398529965 0.5521489977836609 25
1580398530018 0.755538821220398 26
1580398530071 0.5638546347618103 27
1580398530124 0.4626001715660095 28
1580398530176 0.6378493905067444 29
