1580456953092 0.15384616 0
1580456953151 0.15384616 1
1580456953214 0.46153846 2
1580456953278 0.3846154 3
1580456953341 0.23076923 4
1580456953405 0.61538464 5
1580456953467 0.61538464 6
1580456953530 0.61538464 7
1580456953594 0.61538464 8
1580456953656 0.46153846 9
1580456953720 0.53846157 10
1580456953784 0.53846157 11
1580456953849 0.53846157 12
1580456953913 0.46153846 13
1580456953977 0.53846157 14
1580456954041 0.3846154 15
1580456954104 0.53846157 16
1580456954165 0.53846157 17
1580456954227 0.61538464 18
1580456954290 0.6923077 19
1580456954354 0.61538464 20
1580456954416 0.61538464 21
1580456954479 0.53846157 22
1580456954544 0.61538464 23
1580456954607 0.61538464 24
1580456954671 0.61538464 25
1580456954735 0.53846157 26
1580456954799 0.61538464 27
1580456954862 0.53846157 28
1580456954925 0.53846157 29
