1580456953092 1.4048957824707031 0
1580456953151 16.760618209838867 1
1580456953214 2.3355023860931396 2
1580456953278 5.966475963592529 3
1580456953341 6.447256088256836 4
1580456953405 1.3173686265945435 5
1580456953467 1.0813778638839722 6
1580456953530 1.1036707162857056 7
1580456953594 0.9940162301063538 8
1580456953656 1.0387521982192993 9
1580456953720 1.0182455778121948 10
1580456953784 1.0127969980239868 11
1580456953849 0.976599931716919 12
1580456953913 1.0601270198822021 13
1580456953977 0.9400646686553955 14
1580456954041 1.2634943723678589 15
1580456954104 1.0181890726089478 16
1580456954165 0.7483505010604858 17
1580456954227 0.8250406980514526 18
1580456954290 0.6978809833526611 19
1580456954354 0.7582453489303589 20
1580456954416 0.8102892637252808 21
1580456954479 0.9038883447647095 22
1580456954544 0.736632227897644 23
1580456954607 0.8517366051673889 24
1580456954671 0.9086506962776184 25
1580456954735 1.0242332220077515 26
1580456954799 0.7963311672210693 27
1580456954862 1.0554935932159424 28
1580456954925 0.9504905343055725 29
