1580398611798 0.3846154 0
1580398611844 0.3846154 1
1580398611899 0.3846154 2
1580398611953 0.15384616 3
1580398612005 0.30769232 4
1580398612058 0.46153846 5
1580398612111 0.46153846 6
1580398612163 0.46153846 7
1580398612216 0.53846157 8
1580398612270 0.46153846 9
1580398612323 0.61538464 10
1580398612376 0.53846157 11
1580398612429 0.30769232 12
1580398612483 0.53846157 13
1580398612538 0.61538464 14
1580398612591 0.53846157 15
1580398612646 0.6923077 16
1580398612700 0.53846157 17
1580398612754 0.61538464 18
1580398612806 0.7692308 19
1580398612860 0.46153846 20
1580398612913 0.84615386 21
1580398612966 0.7692308 22
1580398613019 0.53846157 23
1580398613072 0.53846157 24
1580398613125 0.53846157 25
1580398613178 0.7692308 26
1580398613236 0.7692308 27
1580398613290 0.7692308 28
1580398613343 0.9230769 29
