1580398611798 1.3677531480789185 0
1580398611844 1.3449941873550415 1
1580398611899 1.3289318084716797 2
1580398611953 1.4301085472106934 3
1580398612005 1.3419755697250366 4
1580398612058 1.247796893119812 5
1580398612111 1.2810136079788208 6
1580398612163 1.2282025814056396 7
1580398612216 1.1281826496124268 8
1580398612270 1.0285662412643433 9
1580398612323 1.1207095384597778 10
1580398612376 1.0812907218933105 11
1580398612429 1.2906652688980103 12
1580398612483 1.0839253664016724 13
1580398612538 1.046703577041626 14
1580398612591 0.8878161907196045 15
1580398612646 0.9899886250495911 16
1580398612700 0.9881784915924072 17
1580398612754 0.7424141764640808 18
1580398612806 0.6634131669998169 19
1580398612860 1.1056749820709229 20
1580398612913 0.7334871888160706 21
1580398612966 0.6234350800514221 22
1580398613019 0.9547691345214844 23
1580398613072 0.6978350281715393 24
1580398613125 0.843967854976654 25
1580398613178 0.6597929000854492 26
1580398613236 0.690754771232605 27
1580398613290 0.5880907773971558 28
1580398613343 0.4074968695640564 29
