1580398860402 0.23076923 0
1580398860457 0.15384616 1
1580398860516 0.46153846 2
1580398860576 0.6923077 3
1580398860635 0.53846157 4
1580398860695 0.15384616 5
1580398860755 0.46153846 6
1580398860814 0.6923077 7
1580398860873 0.53846157 8
1580398860933 0.46153846 9
1580398860991 0.53846157 10
1580398861050 0.7692308 11
1580398861108 0.61538464 12
1580398861167 0.6923077 13
1580398861225 0.84615386 14
1580398861284 0.53846157 15
1580398861342 0.6923077 16
1580398861400 0.6923077 17
1580398861459 0.7692308 18
1580398861517 0.61538464 19
1580398861575 0.46153846 20
1580398861633 0.9230769 21
1580398861692 0.53846157 22
1580398861750 0.6923077 23
1580398861810 0.9230769 24
1580398861869 1.0 25
1580398861928 0.6923077 26
1580398861987 0.9230769 27
1580398862046 0.84615386 28
1580398862105 0.84615386 29
