1580398860402 1.3694380521774292 0
1580398860457 1.3857231140136719 1
1580398860516 1.2731616497039795 2
1580398860576 1.2142058610916138 3
1580398860635 1.1422483921051025 4
1580398860695 1.5050908327102661 5
1580398860755 1.1743083000183105 6
1580398860814 1.0099316835403442 7
1580398860873 1.1195416450500488 8
1580398860933 1.0081321001052856 9
1580398860991 1.0328282117843628 10
1580398861050 0.8174164295196533 11
1580398861108 0.9088855981826782 12
1580398861167 0.7442731261253357 13
1580398861225 0.6975694298744202 14
1580398861284 0.7958290576934814 15
1580398861342 0.7304006814956665 16
1580398861400 0.5606768131256104 17
1580398861459 0.601482629776001 18
1580398861517 0.8202596306800842 19
1580398861575 1.0345396995544434 20
1580398861633 0.4891335368156433 21
1580398861692 0.9638919830322266 22
1580398861750 0.6582094430923462 23
1580398861810 0.4556286036968231 24
1580398861869 0.28899329900741577 25
1580398861928 0.7360185384750366 26
1580398861987 0.29903534054756165 27
1580398862046 0.41382211446762085 28
1580398862105 0.5535202026367188 29
