1580398817009 0.3846154 0
1580398817060 0.30769232 1
1580398817117 0.3846154 2
1580398817175 0.3846154 3
1580398817232 0.23076923 4
1580398817289 0.30769232 5
1580398817346 0.3846154 6
1580398817403 0.53846157 7
1580398817461 0.3846154 8
1580398817519 0.3846154 9
1580398817578 0.30769232 10
1580398817637 0.46153846 11
1580398817694 0.3846154 12
1580398817751 0.46153846 13
1580398817810 0.53846157 14
1580398817868 0.53846157 15
1580398817926 0.53846157 16
1580398817983 0.6923077 17
1580398818040 0.84615386 18
1580398818097 0.61538464 19
1580398818154 0.7692308 20
1580398818211 0.7692308 21
1580398818269 0.6923077 22
1580398818327 0.6923077 23
1580398818383 0.7692308 24
1580398818441 0.6923077 25
1580398818498 0.6923077 26
1580398818558 0.61538464 27
1580398818619 0.46153846 28
1580398818677 0.6923077 29
