1580398817009 1.365878939628601 0
1580398817060 1.417676329612732 1
1580398817117 1.3645762205123901 2
1580398817175 1.3413399457931519 3
1580398817232 1.4033819437026978 4
1580398817289 1.3240529298782349 5
1580398817346 1.2451905012130737 6
1580398817403 1.3183072805404663 7
1580398817461 1.3112208843231201 8
1580398817519 1.2629544734954834 9
1580398817578 1.39304518699646 10
1580398817637 1.1841152906417847 11
1580398817694 1.2325924634933472 12
1580398817751 1.249639630317688 13
1580398817810 1.16886568069458 14
1580398817868 1.1582423448562622 15
1580398817926 1.102618932723999 16
1580398817983 1.093377947807312 17
1580398818040 1.0080240964889526 18
1580398818097 1.1091587543487549 19
1580398818154 0.8734354376792908 20
1580398818211 0.9104273915290833 21
1580398818269 0.8770662546157837 22
1580398818327 0.9071792960166931 23
1580398818383 0.8538071513175964 24
1580398818441 0.7695585489273071 25
1580398818498 0.7764102220535278 26
1580398818558 0.9464927315711975 27
1580398818619 1.0400965213775635 28
1580398818677 0.83130943775177 29
