1580293703183 0.07692308 0
1580293703225 0.30769232 1
1580293703273 0.23076923 2
1580293703321 0.30769232 3
1580293703368 0.3846154 4
1580293703416 0.53846157 5
1580293703462 0.30769232 6
1580293703510 0.46153846 7
1580293703557 0.46153846 8
1580293703604 0.23076923 9
1580293703653 0.53846157 10
1580293703701 0.3846154 11
1580293703749 0.46153846 12
1580293703799 0.53846157 13
1580293703847 0.53846157 14
1580293703897 0.53846157 15
1580293703947 0.6923077 16
1580293703997 0.61538464 17
1580293704047 0.53846157 18
1580293704096 0.53846157 19
1580293704145 0.6923077 20
1580293704194 0.3846154 21
1580293704244 0.53846157 22
1580293704308 0.61538464 23
1580293704377 0.61538464 24
1580293704448 0.61538464 25
1580293704518 0.53846157 26
1580293704588 0.61538464 27
1580293704658 0.46153846 28
1580293704728 0.61538464 29
1580293734908 0.61538464 0
1580293734983 0.46153846 1
1580293735054 0.61538464 2
1580293735127 0.46153846 3
1580293735199 0.61538464 4
1580293735271 0.61538464 5
1580293735347 0.6923077 6
1580293735420 0.61538464 7
1580293735493 0.61538464 8
1580293735566 0.7692308 9
1580293735638 0.6923077 10
1580293735711 0.7692308 11
1580293735784 0.6923077 12
1580293735856 0.6923077 13
1580293735929 0.6923077 14
1580293736002 0.61538464 15
1580293736075 0.6923077 16
1580293736148 0.53846157 17
1580293736221 0.61538464 18
1580293736294 0.6923077 19
1580293736368 0.53846157 20
1580293736442 0.7692308 21
1580293736515 0.61538464 22
1580293736589 0.53846157 23
1580293736663 0.7692308 24
1580293736736 0.6923077 25
1580293736810 0.6923077 26
1580293736883 0.7692308 27
1580293736958 0.7692308 28
1580293737032 0.6923077 29
