1580293703183 1.5326253175735474 0
1580293703225 1.3474558591842651 1
1580293703273 1.4099059104919434 2
1580293703321 1.3594061136245728 3
1580293703368 1.3412292003631592 4
1580293703416 1.3314831256866455 5
1580293703462 1.348926067352295 6
1580293703510 1.3523017168045044 7
1580293703557 1.3419100046157837 8
1580293703604 1.4520195722579956 9
1580293703653 1.2651689052581787 10
1580293703701 1.3337041139602661 11
1580293703749 1.304365634918213 12
1580293703799 1.293489933013916 13
1580293703847 1.2639350891113281 14
1580293703897 1.2564449310302734 15
1580293703947 1.2335318326950073 16
1580293703997 1.2597033977508545 17
1580293704047 1.3331122398376465 18
1580293704096 1.2070302963256836 19
1580293704145 1.2467581033706665 20
1580293704194 1.3733365535736084 21
1580293704244 1.3231823444366455 22
1580293704308 1.2456333637237549 23
1580293704377 1.2243913412094116 24
1580293704448 1.2260191440582275 25
1580293704518 1.2385355234146118 26
1580293704588 1.2697415351867676 27
1580293704658 1.2437540292739868 28
1580293704728 1.1645909547805786 29
1580293734908 1.208426594734192 0
1580293734983 1.1971684694290161 1
1580293735054 1.207434892654419 2
1580293735127 1.2045247554779053 3
1580293735199 1.1862208843231201 4
1580293735271 1.250633955001831 5
1580293735347 1.2194942235946655 6
1580293735420 1.219125747680664 7
1580293735493 1.2249507904052734 8
1580293735566 1.1367156505584717 9
1580293735638 1.15254807472229 10
1580293735711 1.1709227561950684 11
1580293735784 1.1693180799484253 12
1580293735856 1.0853979587554932 13
1580293735929 1.1552847623825073 14
1580293736002 1.1428263187408447 15
1580293736075 1.0991946458816528 16
1580293736148 1.214468240737915 17
1580293736221 1.1673165559768677 18
1580293736294 1.2072973251342773 19
1580293736368 1.1372510194778442 20
1580293736442 1.1097261905670166 21
1580293736515 1.1409131288528442 22
1580293736589 1.150162935256958 23
1580293736663 1.1580631732940674 24
1580293736736 1.0698790550231934 25
1580293736810 1.103594422340393 26
1580293736883 1.0820691585540771 27
1580293736958 1.0950713157653809 28
1580293737032 1.0651280879974365 29
