1580398832445 0.30769232 0
1580398832498 0.23076923 1
1580398832560 0.3846154 2
1580398832619 0.46153846 3
1580398832679 0.3846154 4
1580398832736 0.46153846 5
1580398832794 0.23076923 6
1580398832853 0.53846157 7
1580398832911 0.23076923 8
1580398832969 0.46153846 9
1580398833026 0.53846157 10
1580398833084 0.46153846 11
1580398833141 0.53846157 12
1580398833199 0.61538464 13
1580398833257 0.61538464 14
1580398833315 0.61538464 15
1580398833373 0.53846157 16
1580398833431 0.6923077 17
1580398833492 0.6923077 18
1580398833585 0.6923077 19
1580398833672 0.61538464 20
1580398833760 0.84615386 21
1580398833848 0.84615386 22
1580398833936 0.61538464 23
1580398834024 0.84615386 24
1580398834112 0.84615386 25
1580398834202 0.7692308 26
1580398834291 0.6923077 27
1580398834381 0.6923077 28
1580398834471 0.84615386 29
