1580398832445 1.382291316986084 0
1580398832498 1.3644568920135498 1
1580398832560 1.3413904905319214 2
1580398832619 1.32806396484375 3
1580398832679 1.3793240785598755 4
1580398832736 1.3629056215286255 5
1580398832794 1.3782185316085815 6
1580398832853 1.2893331050872803 7
1580398832911 1.3697965145111084 8
1580398832969 1.2599810361862183 9
1580398833026 1.210477352142334 10
1580398833084 1.1242849826812744 11
1580398833141 1.0407623052597046 12
1580398833199 1.116011381149292 13
1580398833257 1.0371462106704712 14
1580398833315 0.9456681609153748 15
1580398833373 0.9530287384986877 16
1580398833431 0.689483106136322 17
1580398833492 0.6800127029418945 18
1580398833585 0.8237267136573792 19
1580398833672 0.885349690914154 20
1580398833760 0.6414149403572083 21
1580398833848 0.5376808643341064 22
1580398833936 0.7470368146896362 23
1580398834024 0.4772510230541229 24
1580398834112 0.48827075958251953 25
1580398834202 0.5749244689941406 26
1580398834291 0.6650073528289795 27
1580398834381 0.5539828538894653 28
1580398834471 0.43546387553215027 29
