1580398898654 0.15384616 0
1580398898709 0.30769232 1
1580398898770 0.30769232 2
1580398898831 0.30769232 3
1580398898891 0.23076923 4
1580398898952 0.53846157 5
1580398899013 0.53846157 6
1580398899074 0.30769232 7
1580398899134 0.6923077 8
1580398899195 0.53846157 9
1580398899255 0.46153846 10
1580398899314 0.6923077 11
1580398899373 0.46153846 12
1580398899432 0.53846157 13
1580398899491 0.61538464 14
1580398899552 0.6923077 15
1580398899646 0.53846157 16
1580398899737 0.6923077 17
1580398899828 0.7692308 18
1580398899918 0.7692308 19
1580398900011 0.6923077 20
1580398900106 0.61538464 21
1580398900197 0.84615386 22
1580398900288 0.9230769 23
1580398900379 0.7692308 24
1580398900470 0.61538464 25
1580398900562 0.7692308 26
1580398900653 0.9230769 27
1580398900744 0.7692308 28
1580398900835 0.84615386 29
