1580398898654 1.3747715950012207 0
1580398898709 1.3886682987213135 1
1580398898770 1.3992867469787598 2
1580398898831 1.3686137199401855 3
1580398898891 1.3422411680221558 4
1580398898952 1.2600853443145752 5
1580398899013 1.2029783725738525 6
1580398899074 1.3640614748001099 7
1580398899134 1.1365958452224731 8
1580398899195 1.1025872230529785 9
1580398899255 1.0651588439941406 10
1580398899314 0.9167689085006714 11
1580398899373 1.1990841627120972 12
1580398899432 0.9162448644638062 13
1580398899491 0.8404878973960876 14
1580398899552 0.8099398016929626 15
1580398899646 0.7877801060676575 16
1580398899737 0.6864222288131714 17
1580398899828 0.6344155073165894 18
1580398899918 0.6957625150680542 19
1580398900011 0.6692243218421936 20
1580398900106 0.7492468953132629 21
1580398900197 0.5483331084251404 22
1580398900288 0.44218793511390686 23
1580398900379 0.5771031379699707 24
1580398900470 0.7111618518829346 25
1580398900562 0.656062126159668 26
1580398900653 0.28035348653793335 27
1580398900744 0.46685269474983215 28
1580398900835 0.41393470764160156 29
