1580398502550 0.23076923 0
1580398502593 0.15384616 1
1580398502642 0.3846154 2
1580398502695 0.30769232 3
1580398502745 0.46153846 4
1580398502797 0.46153846 5
1580398502848 0.30769232 6
1580398502899 0.30769232 7
1580398502949 0.30769232 8
1580398502999 0.3846154 9
1580398503050 0.30769232 10
1580398503100 0.46153846 11
1580398503150 0.3846154 12
1580398503201 0.3846154 13
1580398503252 0.61538464 14
1580398503302 0.46153846 15
1580398503383 0.53846157 16
1580398503457 0.3846154 17
1580398503531 0.61538464 18
1580398503607 0.6923077 19
1580398503689 0.53846157 20
1580398503765 0.7692308 21
1580398503840 0.84615386 22
1580398503916 0.6923077 23
1580398503991 0.84615386 24
1580398504067 0.6923077 25
1580398504143 0.6923077 26
1580398504219 0.6923077 27
1580398504296 0.6923077 28
1580398504372 0.7692308 29
