1580398502550 1.383168339729309 0
1580398502593 1.3887490034103394 1
1580398502642 1.3625723123550415 2
1580398502695 1.3214080333709717 3
1580398502745 1.3486791849136353 4
1580398502797 1.251328945159912 5
1580398502848 1.2921093702316284 6
1580398502899 1.2887135744094849 7
1580398502949 1.4171700477600098 8
1580398502999 1.2033458948135376 9
1580398503050 1.34272301197052 10
1580398503100 1.1590220928192139 11
1580398503150 1.15163254737854 12
1580398503201 1.1059036254882812 13
1580398503252 0.9427419900894165 14
1580398503302 1.0854339599609375 15
1580398503383 1.0576304197311401 16
1580398503457 1.0089622735977173 17
1580398503531 0.97452312707901 18
1580398503607 1.0440648794174194 19
1580398503689 1.062896728515625 20
1580398503765 0.8400541543960571 21
1580398503840 0.6692901849746704 22
1580398503916 0.7520797252655029 23
1580398503991 0.674471914768219 24
1580398504067 0.8158829212188721 25
1580398504143 0.6731375455856323 26
1580398504219 0.8902091979980469 27
1580398504296 0.6506367921829224 28
1580398504372 0.6251670122146606 29
