1580398659148 0.15384616 0
1580398659203 0.53846157 1
1580398659256 0.46153846 2
1580398659310 0.30769232 3
1580398659365 0.46153846 4
1580398659419 0.46153846 5
1580398659474 0.3846154 6
1580398659528 0.3846154 7
1580398659583 0.53846157 8
1580398659669 0.53846157 9
1580398659750 0.46153846 10
1580398659831 0.61538464 11
1580398659913 0.53846157 12
1580398659995 0.46153846 13
1580398660078 0.84615386 14
1580398660166 0.61538464 15
1580398660252 0.53846157 16
1580398660334 0.53846157 17
1580398660416 0.7692308 18
1580398660497 0.84615386 19
1580398660579 0.7692308 20
1580398660661 0.9230769 21
1580398660745 0.84615386 22
1580398660831 0.7692308 23
1580398660913 0.84615386 24
1580398660995 0.61538464 25
1580398661077 0.53846157 26
1580398661159 0.9230769 27
1580398661241 0.7692308 28
1580398661325 0.84615386 29
