1580398659148 1.412574291229248 0
1580398659203 1.360260248184204 1
1580398659256 1.3512330055236816 2
1580398659310 1.3002543449401855 3
1580398659365 1.25125253200531 4
1580398659419 1.1903202533721924 5
1580398659474 1.329732060432434 6
1580398659528 1.3755946159362793 7
1580398659583 1.1184906959533691 8
1580398659669 1.0035640001296997 9
1580398659750 1.1678844690322876 10
1580398659831 0.9152923226356506 11
1580398659913 1.0090124607086182 12
1580398659995 0.9377039670944214 13
1580398660078 0.7363948822021484 14
1580398660166 0.9820543527603149 15
1580398660252 0.7250356078147888 16
1580398660334 0.9938595294952393 17
1580398660416 0.658048689365387 18
1580398660497 0.5410881638526917 19
1580398660579 0.5730669498443604 20
1580398660661 0.4688766896724701 21
1580398660745 0.43914365768432617 22
1580398660831 0.4629155695438385 23
1580398660913 0.3473201394081116 24
1580398660995 0.7720809578895569 25
1580398661077 0.8837553262710571 26
1580398661159 0.41806909441947937 27
1580398661241 0.4098513722419739 28
1580398661325 0.29852816462516785 29
