1580457007268 0.30769232 0
1580457007326 0.15384616 1
1580457007390 0.23076923 2
1580457007453 0.3846154 3
1580457007516 0.30769232 4
1580457007579 0.3846154 5
1580457007643 0.46153846 6
1580457007707 0.3846154 7
1580457007770 0.61538464 8
1580457007832 0.46153846 9
1580457007895 0.53846157 10
1580457007959 0.61538464 11
1580457008023 0.6923077 12
1580457008086 0.46153846 13
1580457008150 0.7692308 14
1580457008215 0.30769232 15
1580457008279 0.53846157 16
1580457008344 0.84615386 17
1580457008409 0.6923077 18
1580457008473 0.7692308 19
1580457008537 0.6923077 20
1580457008600 0.84615386 21
1580457008662 0.84615386 22
1580457008726 0.7692308 23
1580457008791 0.6923077 24
1580457008854 0.61538464 25
1580457008916 0.61538464 26
1580457008978 0.6923077 27
1580457009042 0.61538464 28
1580457009106 0.61538464 29
