1580457007268 1.401225209236145 0
1580457007326 1.399217128753662 1
1580457007390 1.3764863014221191 2
1580457007453 1.3525326251983643 3
1580457007516 1.3568756580352783 4
1580457007579 1.2699822187423706 5
1580457007643 1.3410146236419678 6
1580457007707 1.308027744293213 7
1580457007770 1.195802927017212 8
1580457007832 1.2241896390914917 9
1580457007895 1.2419307231903076 10
1580457007959 1.1172438859939575 11
1580457008023 1.0798289775848389 12
1580457008086 1.1227271556854248 13
1580457008150 0.9021466970443726 14
1580457008215 1.3704502582550049 15
1580457008279 1.034542202949524 16
1580457008344 0.7877706289291382 17
1580457008409 0.8560914397239685 18
1580457008473 0.7970930337905884 19
1580457008537 1.0087908506393433 20
1580457008600 0.689414381980896 21
1580457008662 0.5540996193885803 22
1580457008726 0.6750423908233643 23
1580457008791 0.6603969931602478 24
1580457008854 0.7917531132698059 25
1580457008916 0.8089066743850708 26
1580457008978 0.587936282157898 27
1580457009042 0.8507143259048462 28
1580457009106 0.773384690284729 29
