1580354764679 0.07692308 0
1580354764721 0.30769232 1
1580354764763 0.23076923 2
1580354764805 0.30769232 3
1580354764851 0.3846154 4
1580354764898 0.53846157 5
1580354764945 0.30769232 6
1580354764993 0.46153846 7
1580354765040 0.46153846 8
1580354765089 0.23076923 9
1580354765136 0.53846157 10
1580354765184 0.3846154 11
1580354765230 0.46153846 12
1580354765277 0.53846157 13
1580354765324 0.53846157 14
1580354765371 0.53846157 15
1580354765420 0.6923077 16
1580354765466 0.61538464 17
1580354765513 0.53846157 18
1580354765560 0.53846157 19
1580354765636 0.6923077 20
1580354765710 0.3846154 21
1580354765779 0.53846157 22
1580354765848 0.61538464 23
1580354765918 0.61538464 24
1580354765987 0.61538464 25
1580354766057 0.53846157 26
1580354766127 0.61538464 27
1580354766197 0.46153846 28
1580354766267 0.61538464 29
