1580290198377 0.07692308 0
1580290198420 0.30769232 1
1580290198469 0.23076923 2
1580290198539 0.30769232 3
1580290198606 0.3846154 4
1580290198673 0.53846157 5
1580290198740 0.30769232 6
1580290198806 0.46153846 7
1580290198873 0.46153846 8
1580290198941 0.23076923 9
1580290199009 0.53846157 10
1580290199077 0.3846154 11
1580290199144 0.46153846 12
1580290199211 0.53846157 13
1580290199278 0.53846157 14
1580290199345 0.53846157 15
1580290199413 0.6923077 16
1580290199481 0.61538464 17
1580290199548 0.53846157 18
1580290199616 0.53846157 19
1580290199683 0.6923077 20
1580290199750 0.3846154 21
1580290199818 0.53846157 22
1580290199885 0.61538464 23
1580290199953 0.61538464 24
1580290200021 0.61538464 25
1580290200089 0.53846157 26
1580290200157 0.61538464 27
1580290200225 0.46153846 28
1580290200294 0.61538464 29
