1580290198377 1.5326253175735474 0
1580290198420 1.3474558591842651 1
1580290198469 1.4099059104919434 2
1580290198539 1.3594061136245728 3
1580290198606 1.3412292003631592 4
1580290198673 1.3314831256866455 5
1580290198740 1.348926067352295 6
1580290198806 1.3523017168045044 7
1580290198873 1.3419100046157837 8
1580290198941 1.4520195722579956 9
1580290199009 1.2651689052581787 10
1580290199077 1.3337041139602661 11
1580290199144 1.304365634918213 12
1580290199211 1.293489933013916 13
1580290199278 1.2639350891113281 14
1580290199345 1.2564449310302734 15
1580290199413 1.2335318326950073 16
1580290199481 1.2597033977508545 17
1580290199548 1.3331122398376465 18
1580290199616 1.2070302963256836 19
1580290199683 1.2467581033706665 20
1580290199750 1.3733365535736084 21
1580290199818 1.3231823444366455 22
1580290199885 1.2456333637237549 23
1580290199953 1.2243913412094116 24
1580290200021 1.2260191440582275 25
1580290200089 1.2385355234146118 26
1580290200157 1.2697415351867676 27
1580290200225 1.2437540292739868 28
1580290200294 1.1645909547805786 29
