1580457033553 0.3846154 0
1580457033611 0.46153846 1
1580457033675 0.3846154 2
1580457033737 0.53846157 3
1580457033800 0.3846154 4
1580457033862 0.23076923 5
1580457033926 0.53846157 6
1580457033989 0.30769232 7
1580457034054 0.30769232 8
1580457034118 0.23076923 9
1580457034184 0.23076923 10
1580457034284 0.23076923 11
1580457034378 0.23076923 12
1580457034473 0.30769232 13
1580457034568 0.30769232 14
1580457034664 0.30769232 15
1580457034768 0.3846154 16
1580457034863 0.30769232 17
1580457034959 0.3846154 18
1580457035055 0.46153846 19
1580457035151 0.23076923 20
1580457035248 0.30769232 21
1580457035344 0.30769232 22
1580457035440 0.30769232 23
1580457035536 0.30769232 24
1580457035633 0.30769232 25
1580457035729 0.30769232 26
1580457035826 0.30769232 27
1580457035921 0.30769232 28
1580457036017 0.30769232 29
