1580457033553 1.3729733228683472 0
1580457033611 1.3004052639007568 1
1580457033675 1.313464879989624 2
1580457033737 1.213427186012268 3
1580457033800 1.3865375518798828 4
1580457033862 1.6503633260726929 5
1580457033926 1.3672455549240112 6
1580457033989 1.1875934600830078 7
1580457034054 2.0919859409332275 8
1580457034118 2.4788832664489746 9
1580457034184 1.9840905666351318 10
1580457034284 1.5737630128860474 11
1580457034378 1.432320237159729 12
1580457034473 1.3975346088409424 13
1580457034568 1.3972938060760498 14
1580457034664 1.3780359029769897 15
1580457034768 1.2833017110824585 16
1580457034863 1.3960095643997192 17
1580457034959 1.3341968059539795 18
1580457035055 1.2933820486068726 19
1580457035151 1.3845908641815186 20
1580457035248 1.4346579313278198 21
1580457035344 1.4139727354049683 22
1580457035440 1.3927620649337769 23
1580457035536 1.3809192180633545 24
1580457035633 1.3798238039016724 25
1580457035729 1.3832600116729736 26
1580457035826 1.3845734596252441 27
1580457035921 1.3825860023498535 28
1580457036017 1.3798329830169678 29
