1580398557639 0.30769232 0
1580398557685 0.30769232 1
1580398557740 0.3846154 2
1580398557796 0.30769232 3
1580398557848 0.3846154 4
1580398557899 0.30769232 5
1580398557951 0.23076923 6
1580398558003 0.3846154 7
1580398558054 0.46153846 8
1580398558105 0.61538464 9
1580398558157 0.3846154 10
1580398558209 0.53846157 11
1580398558260 0.7692308 12
1580398558311 0.53846157 13
1580398558363 0.6923077 14
1580398558414 0.3846154 15
1580398558465 0.61538464 16
1580398558517 0.6923077 17
1580398558569 0.61538464 18
1580398558621 0.53846157 19
1580398558673 0.6923077 20
1580398558725 0.9230769 21
1580398558778 0.53846157 22
1580398558829 0.6923077 23
1580398558881 0.84615386 24
1580398558935 0.61538464 25
1580398558987 0.6923077 26
1580398559039 0.84615386 27
1580398559091 0.7692308 28
1580398559142 0.53846157 29
