1580398557639 1.401225209236145 0
1580398557685 1.3676891326904297 1
1580398557740 1.3726248741149902 2
1580398557796 1.3732891082763672 3
1580398557848 1.3523178100585938 4
1580398557899 1.2221996784210205 5
1580398557951 1.2827039957046509 6
1580398558003 1.182518482208252 7
1580398558054 1.1050242185592651 8
1580398558105 0.8985430598258972 9
1580398558157 1.1283444166183472 10
1580398558209 1.017985224723816 11
1580398558260 0.7326818108558655 12
1580398558311 0.8803244829177856 13
1580398558363 0.6368980407714844 14
1580398558414 1.3493632078170776 15
1580398558465 1.0060746669769287 16
1580398558517 0.7626668214797974 17
1580398558569 0.8344895243644714 18
1580398558621 0.9468041658401489 19
1580398558673 0.991628110408783 20
1580398558725 0.5140240788459778 21
1580398558778 0.8620500564575195 22
1580398558829 0.6133602857589722 23
1580398558881 0.6593838334083557 24
1580398558935 0.8326572775840759 25
1580398558987 0.6188062429428101 26
1580398559039 0.5323009490966797 27
1580398559091 0.8604555726051331 28
1580398559142 0.833202064037323 29
