1580398737469 0.15384616 0
1580398737525 0.23076923 1
1580398737614 0.30769232 2
1580398737698 0.3846154 3
1580398737782 0.30769232 4
1580398737866 0.46153846 5
1580398737952 0.53846157 6
1580398738036 0.3846154 7
1580398738121 0.3846154 8
1580398738206 0.6923077 9
1580398738291 0.53846157 10
1580398738376 0.6923077 11
1580398738462 0.30769232 12
1580398738547 0.7692308 13
1580398738632 0.61538464 14
1580398738717 0.84615386 15
1580398738802 0.7692308 16
1580398738887 0.9230769 17
1580398738971 0.6923077 18
1580398739055 0.7692308 19
1580398739140 0.7692308 20
1580398739226 0.7692308 21
1580398739310 0.7692308 22
1580398739394 0.84615386 23
1580398739479 0.84615386 24
1580398739564 0.9230769 25
1580398739648 0.9230769 26
1580398739733 0.7692308 27
1580398739818 0.84615386 28
1580398739903 0.6923077 29
