1580398737469 1.4647250175476074 0
1580398737525 1.3865275382995605 1
1580398737614 1.3869446516036987 2
1580398737698 1.3058886528015137 3
1580398737782 1.3670495748519897 4
1580398737866 1.2317962646484375 5
1580398737952 1.2040683031082153 6
1580398738036 1.2622640132904053 7
1580398738121 1.2323969602584839 8
1580398738206 1.0000336170196533 9
1580398738291 1.0526270866394043 10
1580398738376 0.9218527674674988 11
1580398738462 1.3134747743606567 12
1580398738547 0.7362097501754761 13
1580398738632 0.9067283272743225 14
1580398738717 0.5779578685760498 15
1580398738802 0.6773617267608643 16
1580398738887 0.3665073812007904 17
1580398738971 0.5740537047386169 18
1580398739055 0.4933652877807617 19
1580398739140 0.48685887455940247 20
1580398739226 0.6141502857208252 21
1580398739310 0.5735599398612976 22
1580398739394 0.4951770603656769 23
1580398739479 0.2833316922187805 24
1580398739564 0.2865403890609741 25
1580398739648 0.3570580780506134 26
1580398739733 0.48479560017585754 27
1580398739818 0.3028770983219147 28
1580398739903 0.48662248253822327 29
