1580398484822 0.46153846 0
1580398484866 0.3846154 1
1580398484915 0.3846154 2
1580398484964 0.23076923 3
1580398485012 0.46153846 4
1580398485062 0.3846154 5
1580398485111 0.53846157 6
1580398485161 0.53846157 7
1580398485210 0.84615386 8
1580398485259 0.7692308 9
1580398485309 0.9230769 10
1580398485359 0.6923077 11
1580398485408 0.61538464 12
1580398485458 0.53846157 13
1580398485507 0.53846157 14
1580398485557 0.7692308 15
1580398485607 0.7692308 16
1580398485656 0.9230769 17
1580398485706 0.7692308 18
1580398485756 0.7692308 19
1580398485807 0.84615386 20
1580398485857 0.9230769 21
1580398485907 0.6923077 22
1580398485957 0.6923077 23
1580398486006 1.0 24
1580398486056 0.7692308 25
1580398486106 1.0 26
1580398486156 1.0 27
1580398486207 0.6923077 28
1580398486257 0.9230769 29
