1580398484822 1.3447682857513428 0
1580398484866 18.462692260742188 1
1580398484915 30.285276412963867 2
1580398484964 21.63139533996582 3
1580398485012 8.188009262084961 4
1580398485062 4.4540886878967285 5
1580398485111 2.1790738105773926 6
1580398485161 1.251906156539917 7
1580398485210 1.3927059173583984 8
1580398485259 0.4726884067058563 9
1580398485309 0.2707856595516205 10
1580398485359 0.5029659867286682 11
1580398485408 1.2112011909484863 12
1580398485458 0.940730631351471 13
1580398485507 0.9155806303024292 14
1580398485557 0.39531251788139343 15
1580398485607 0.39219343662261963 16
1580398485656 0.24817487597465515 17
1580398485706 0.51088547706604 18
1580398485756 0.5133204460144043 19
1580398485807 0.3784911036491394 20
1580398485857 0.3201368749141693 21
1580398485907 0.4055982828140259 22
1580398485957 0.8041902780532837 23
1580398486006 0.25193822383880615 24
1580398486056 0.45407336950302124 25
1580398486106 0.10212525725364685 26
1580398486156 0.11178538203239441 27
1580398486207 0.726409912109375 28
1580398486257 0.297760009765625 29
