1580457045021 0.15384616 0
1580457045080 0.46153846 1
1580457045142 0.07692308 2
1580457045206 0.30769232 3
1580457045270 0.23076923 4
1580457045334 0.61538464 5
1580457045399 0.53846157 6
1580457045463 0.46153846 7
1580457045528 0.46153846 8
1580457045592 0.6923077 9
1580457045657 0.53846157 10
1580457045721 0.61538464 11
1580457045787 0.61538464 12
1580457045851 0.6923077 13
1580457045915 0.6923077 14
1580457045980 0.61538464 15
1580457046042 0.6923077 16
1580457046108 0.46153846 17
1580457046170 0.53846157 18
1580457046233 0.6923077 19
1580457046298 0.6923077 20
1580457046363 0.3846154 21
1580457046428 0.3846154 22
1580457046493 0.3846154 23
1580457046556 0.53846157 24
1580457046621 0.53846157 25
1580457046687 0.46153846 26
1580457046753 0.53846157 27
1580457046818 0.61538464 28
1580457046884 0.53846157 29
