1580457045021 1.4138394594192505 0
1580457045080 113.78318786621094 1
1580457045142 476.2082214355469 2
1580457045206 129.42758178710938 3
1580457045270 53.67957305908203 4
1580457045334 13.187727928161621 5
1580457045399 21.031017303466797 6
1580457045463 13.824159622192383 7
1580457045528 5.800498962402344 8
1580457045592 3.883423328399658 9
1580457045657 1.321553111076355 10
1580457045721 1.2141560316085815 11
1580457045787 1.142182469367981 12
1580457045851 0.7371873259544373 13
1580457045915 0.721098005771637 14
1580457045980 0.7579545378684998 15
1580457046042 0.6196336150169373 16
1580457046108 0.97396320104599 17
1580457046170 1.3773525953292847 18
1580457046233 0.9426689147949219 19
1580457046298 0.5394719243049622 20
1580457046363 1.1808918714523315 21
1580457046428 1.0476683378219604 22
1580457046493 1.1287368535995483 23
1580457046556 1.1738083362579346 24
1580457046621 1.0949116945266724 25
1580457046687 1.5214139223098755 26
1580457046753 1.1004164218902588 27
1580457046818 0.8518809080123901 28
1580457046884 2.1947383880615234 29
