1580457039851 0.30769232 0
1580457039910 0.53846157 1
1580457039975 0.53846157 2
1580457040040 0.46153846 3
1580457040103 0.30769232 4
1580457040167 0.3846154 5
1580457040231 0.3846154 6
1580457040295 0.53846157 7
1580457040360 0.61538464 8
1580457040425 0.46153846 9
1580457040489 0.3846154 10
1580457040554 0.7692308 11
1580457040619 0.6923077 12
1580457040685 0.6923077 13
1580457040750 0.7692308 14
1580457040815 0.61538464 15
1580457040879 0.7692308 16
1580457040944 0.61538464 17
1580457041006 0.61538464 18
1580457041071 0.9230769 19
1580457041134 0.84615386 20
1580457041196 0.9230769 21
1580457041260 0.6923077 22
1580457041326 0.84615386 23
1580457041392 0.84615386 24
1580457041457 0.84615386 25
1580457041523 0.7692308 26
1580457041589 0.61538464 27
1580457041655 0.7692308 28
1580457041721 0.84615386 29
