1580457039851 1.3671422004699707 0
1580457039910 1.2640743255615234 1
1580457039975 1.3454164266586304 2
1580457040040 1.3652082681655884 3
1580457040103 1.4275782108306885 4
1580457040167 1.2615629434585571 5
1580457040231 1.4394632577896118 6
1580457040295 1.2310585975646973 7
1580457040360 1.1060582399368286 8
1580457040425 1.216630220413208 9
1580457040489 1.076853632926941 10
1580457040554 0.8387235403060913 11
1580457040619 0.818742036819458 12
1580457040685 0.8776420950889587 13
1580457040750 0.6805123686790466 14
1580457040815 0.7497837543487549 15
1580457040879 0.539179265499115 16
1580457040944 0.8297204971313477 17
1580457041006 0.7100054025650024 18
1580457041071 0.41525983810424805 19
1580457041134 0.5333559513092041 20
1580457041196 0.3761032521724701 21
1580457041260 0.7775008678436279 22
1580457041326 0.5045254826545715 23
1580457041392 0.485660195350647 24
1580457041457 0.5040498971939087 25
1580457041523 0.49646738171577454 26
1580457041589 0.59456866979599 27
1580457041655 0.502826452255249 28
1580457041721 0.46916913986206055 29
