1580398880904 0.15384616 0
1580398880959 0.3846154 1
1580398881021 0.3846154 2
1580398881114 0.3846154 3
1580398881202 0.3846154 4
1580398881291 0.53846157 5
1580398881380 0.30769232 6
1580398881468 0.30769232 7
1580398881556 0.46153846 8
1580398881645 0.30769232 9
1580398881734 0.46153846 10
1580398881823 0.53846157 11
1580398881912 0.6923077 12
1580398882002 0.3846154 13
1580398882091 0.46153846 14
1580398882180 0.46153846 15
1580398882270 0.6923077 16
1580398882359 0.61538464 17
1580398882449 0.46153846 18
1580398882540 0.46153846 19
1580398882630 0.46153846 20
1580398882720 0.6923077 21
1580398882810 0.6923077 22
1580398882900 0.61538464 23
1580398882990 0.61538464 24
1580398883081 0.46153846 25
1580398883172 0.84615386 26
1580398883263 0.6923077 27
1580398883353 0.53846157 28
1580398883444 0.84615386 29
