1580398880904 1.4083447456359863 0
1580398880959 1.353824496269226 1
1580398881021 1.3242862224578857 2
1580398881114 1.3047324419021606 3
1580398881202 1.3195503950119019 4
1580398881291 1.2760754823684692 5
1580398881380 1.2878735065460205 6
1580398881468 1.2839610576629639 7
1580398881556 1.281111240386963 8
1580398881645 1.3354097604751587 9
1580398881734 1.2913702726364136 10
1580398881823 1.2738391160964966 11
1580398881912 1.1653919219970703 12
1580398882002 1.2631173133850098 13
1580398882091 1.2281697988510132 14
1580398882180 1.2185707092285156 15
1580398882270 1.0105856657028198 16
1580398882359 1.1001783609390259 17
1580398882449 1.1679434776306152 18
1580398882540 1.219020962715149 19
1580398882630 1.2767353057861328 20
1580398882720 1.0082136392593384 21
1580398882810 1.1054902076721191 22
1580398882900 0.9540687799453735 23
1580398882990 1.0487046241760254 24
1580398883081 1.0921144485473633 25
1580398883172 0.8848728537559509 26
1580398883263 0.9690266847610474 27
1580398883353 0.8864880800247192 28
1580398883444 0.8081938028335571 29
