1580398901485 0.3846154 0
1580398901538 0.30769232 1
1580398901596 0.30769232 2
1580398901656 0.15384616 3
1580398901715 0.46153846 4
1580398901773 0.30769232 5
1580398901832 0.30769232 6
1580398901890 0.3846154 7
1580398901950 0.53846157 8
1580398902009 0.53846157 9
1580398902067 0.3846154 10
1580398902126 0.53846157 11
1580398902185 0.53846157 12
1580398902244 0.53846157 13
1580398902302 0.61538464 14
1580398902363 0.61538464 15
1580398902422 0.53846157 16
1580398902482 0.3846154 17
1580398902541 0.3846154 18
1580398902600 0.61538464 19
1580398902659 0.46153846 20
1580398902718 0.53846157 21
1580398902778 0.46153846 22
1580398902838 0.53846157 23
1580398902899 0.7692308 24
1580398902960 0.53846157 25
1580398903020 0.46153846 26
1580398903080 0.61538464 27
1580398903139 0.53846157 28
1580398903199 0.61538464 29
