1580398901485 1.3543184995651245 0
1580398901538 198.36660766601562 1
1580398901596 231.30215454101562 2
1580398901656 77.76728820800781 3
1580398901715 23.660184860229492 4
1580398901773 13.375969886779785 5
1580398901832 3.1235227584838867 6
1580398901890 2.0035829544067383 7
1580398901950 1.0216610431671143 8
1580398902009 0.8341036438941956 9
1580398902067 1.197862148284912 10
1580398902126 0.9415636658668518 11
1580398902185 0.9414087533950806 12
1580398902244 0.9578999280929565 13
1580398902302 0.8136467337608337 14
1580398902363 0.7872819900512695 15
1580398902422 0.9675143361091614 16
1580398902482 1.2015225887298584 17
1580398902541 1.067827820777893 18
1580398902600 0.7670478820800781 19
1580398902659 1.0640851259231567 20
1580398902718 1.0040192604064941 21
1580398902778 1.134422779083252 22
1580398902838 0.9237496256828308 23
1580398902899 0.5987517833709717 24
1580398902960 0.8513407111167908 25
1580398903020 1.085208773612976 26
1580398903080 0.9130578637123108 27
1580398903139 0.859614372253418 28
1580398903199 0.7335959076881409 29
