1580457097359 0.23076923 0
1580457097420 0.23076923 1
1580457097485 0.23076923 2
1580457097588 0.30769232 3
1580457097684 0.53846157 4
1580457097781 0.53846157 5
1580457097877 0.53846157 6
1580457097973 0.53846157 7
1580457098069 0.53846157 8
1580457098165 0.61538464 9
1580457098261 0.46153846 10
1580457098358 0.46153846 11
1580457098455 0.46153846 12
1580457098552 0.61538464 13
1580457098650 0.61538464 14
1580457098747 0.61538464 15
1580457098846 0.61538464 16
1580457098943 0.9230769 17
1580457099039 0.9230769 18
1580457099137 0.7692308 19
1580457099234 0.61538464 20
1580457099332 0.6923077 21
1580457099430 0.84615386 22
1580457099529 0.9230769 23
1580457099627 0.9230769 24
1580457099725 0.9230769 25
1580457099823 0.7692308 26
1580457099922 0.6923077 27
1580457100020 0.6923077 28
1580457100119 0.84615386 29
