1580457097359 1.3968614339828491 0
1580457097420 1.3855719566345215 1
1580457097485 1.3541780710220337 2
1580457097588 1.3311207294464111 3
1580457097684 1.1944377422332764 4
1580457097781 1.1944695711135864 5
1580457097877 1.2254347801208496 6
1580457097973 1.1159430742263794 7
1580457098069 1.017029881477356 8
1580457098165 1.1642727851867676 9
1580457098261 1.0997289419174194 10
1580457098358 1.0702964067459106 11
1580457098455 0.999395489692688 12
1580457098552 0.9563643336296082 13
1580457098650 0.9359217286109924 14
1580457098747 0.8625451326370239 15
1580457098846 0.7746006846427917 16
1580457098943 0.5281786322593689 17
1580457099039 0.506220281124115 18
1580457099137 0.6433244943618774 19
1580457099234 0.6643478870391846 20
1580457099332 0.7916252613067627 21
1580457099430 0.5036458969116211 22
1580457099529 0.38566896319389343 23
1580457099627 0.35978829860687256 24
1580457099725 0.34430620074272156 25
1580457099823 0.8972872495651245 26
1580457099922 0.6718976497650146 27
1580457100020 0.6982631683349609 28
1580457100119 0.6347265839576721 29
