1580398541760 0.46153846 0
1580398541804 0.53846157 1
1580398541855 0.3846154 2
1580398541905 0.30769232 3
1580398541956 0.30769232 4
1580398542007 0.30769232 5
1580398542058 0.23076923 6
1580398542110 0.46153846 7
1580398542160 0.53846157 8
1580398542212 0.3846154 9
1580398542263 0.53846157 10
1580398542315 0.61538464 11
1580398542367 0.46153846 12
1580398542418 0.6923077 13
1580398542468 0.53846157 14
1580398542520 0.61538464 15
1580398542572 0.61538464 16
1580398542624 0.6923077 17
1580398542677 0.6923077 18
1580398542730 0.61538464 19
1580398542783 0.9230769 20
1580398542834 0.6923077 21
1580398542885 0.84615386 22
1580398542938 0.84615386 23
1580398542991 0.9230769 24
1580398543045 0.84615386 25
1580398543098 0.7692308 26
1580398543152 0.9230769 27
1580398543205 0.84615386 28
1580398543258 0.9230769 29
