1580398541760 1.3578027486801147 0
1580398541804 1.315077543258667 1
1580398541855 1.3346832990646362 2
1580398541905 1.393761396408081 3
1580398541956 1.376542568206787 4
1580398542007 1.3272993564605713 5
1580398542058 1.3246839046478271 6
1580398542110 1.2171865701675415 7
1580398542160 1.1884404420852661 8
1580398542212 1.1871495246887207 9
1580398542263 1.1822429895401 10
1580398542315 1.0807421207427979 11
1580398542367 1.0685700178146362 12
1580398542418 0.9965010285377502 13
1580398542468 1.0881112813949585 14
1580398542520 1.041457176208496 15
1580398542572 0.9117969870567322 16
1580398542624 0.7837874889373779 17
1580398542677 0.9080740213394165 18
1580398542730 0.810560941696167 19
1580398542783 0.7153444886207581 20
1580398542834 0.714627206325531 21
1580398542885 0.610845685005188 22
1580398542938 0.5162597894668579 23
1580398542991 0.6414747834205627 24
1580398543045 0.4885295331478119 25
1580398543098 0.4838846027851105 26
1580398543152 0.5463243126869202 27
1580398543205 0.5051194429397583 28
1580398543258 0.4692569971084595 29
