1580398787393 0.23076923 0
1580398787446 0.30769232 1
1580398787504 0.30769232 2
1580398787560 0.30769232 3
1580398787621 0.30769232 4
1580398787680 0.30769232 5
1580398787739 0.3846154 6
1580398787798 0.46153846 7
1580398787856 0.46153846 8
1580398787916 0.53846157 9
1580398787972 0.3846154 10
1580398788031 0.61538464 11
1580398788088 0.53846157 12
1580398788146 0.6923077 13
1580398788204 0.61538464 14
1580398788263 0.53846157 15
1580398788322 0.6923077 16
1580398788381 0.6923077 17
1580398788440 0.61538464 18
1580398788499 0.7692308 19
1580398788591 0.84615386 20
1580398788677 0.6923077 21
1580398788764 0.61538464 22
1580398788850 0.6923077 23
1580398788937 0.6923077 24
1580398789024 0.7692308 25
1580398789111 0.9230769 26
1580398789198 0.53846157 27
1580398789284 0.9230769 28
1580398789371 0.84615386 29
