1580398787393 1.4438824653625488 0
1580398787446 1.356550693511963 1
1580398787504 1.3159834146499634 2
1580398787560 1.3029568195343018 3
1580398787621 1.349395751953125 4
1580398787680 1.3147594928741455 5
1580398787739 1.2528609037399292 6
1580398787798 1.2907788753509521 7
1580398787856 1.1898643970489502 8
1580398787916 1.047390103340149 9
1580398787972 1.1834434270858765 10
1580398788031 0.9551212787628174 11
1580398788088 1.1566694974899292 12
1580398788146 0.9712684154510498 13
1580398788204 0.9877275228500366 14
1580398788263 0.9219379425048828 15
1580398788322 0.9163230061531067 16
1580398788381 0.8764019012451172 17
1580398788440 0.8095418214797974 18
1580398788499 0.7057555317878723 19
1580398788591 0.7517367601394653 20
1580398788677 0.7717676758766174 21
1580398788764 0.6979189515113831 22
1580398788850 0.6299495697021484 23
1580398788937 0.5416805744171143 24
1580398789024 0.5609630942344666 25
1580398789111 0.2956147789955139 26
1580398789198 0.737919270992279 27
1580398789284 0.331966757774353 28
1580398789371 0.40987586975097656 29
