1580456938142 0.46153846 0
1580456938198 0.3846154 1
1580456938259 0.23076923 2
1580456938319 0.3846154 3
1580456938381 0.46153846 4
1580456938441 0.23076923 5
1580456938503 0.15384616 6
1580456938565 0.3846154 7
1580456938625 0.30769232 8
1580456938688 0.53846157 9
1580456938747 0.53846157 10
1580456938807 0.61538464 11
1580456938866 0.84615386 12
1580456938927 0.61538464 13
1580456938988 0.53846157 14
1580456939047 1.0 15
1580456939109 0.61538464 16
1580456939174 0.84615386 17
1580456939236 0.84615386 18
1580456939296 0.61538464 19
1580456939356 0.6923077 20
1580456939419 0.84615386 21
1580456939482 0.61538464 22
1580456939546 0.6923077 23
1580456939609 0.7692308 24
1580456939672 0.61538464 25
1580456939735 0.6923077 26
1580456939801 0.84615386 27
1580456939898 0.53846157 28
1580456939990 0.6923077 29
