1580456938142 1.3563859462738037 0
1580456938198 92.32868957519531 1
1580456938259 53.80027770996094 2
1580456938319 17.797563552856445 3
1580456938381 45.636436462402344 4
1580456938441 14.352349281311035 5
1580456938503 57.90864562988281 6
1580456938565 11.162988662719727 7
1580456938625 5.361147880554199 8
1580456938688 1.200893521308899 9
1580456938747 1.0363072156906128 10
1580456938807 0.8566341996192932 11
1580456938866 0.6298990249633789 12
1580456938927 0.5877649784088135 13
1580456938988 1.0722664594650269 14
1580456939047 0.3101132810115814 15
1580456939109 0.621173620223999 16
1580456939174 0.6350454092025757 17
1580456939236 0.5439471006393433 18
1580456939296 0.8645541667938232 19
1580456939356 0.7041288018226624 20
1580456939419 0.5665651559829712 21
1580456939482 1.1187798976898193 22
1580456939546 0.7864598631858826 23
1580456939609 0.572456955909729 24
1580456939672 0.8786656856536865 25
1580456939735 0.6330382823944092 26
1580456939801 0.4267818033695221 27
1580456939898 1.0292015075683594 28
1580456939990 0.8022045493125916 29
