1580398514082 0.3846154 0
1580398514127 0.23076923 1
1580398514176 0.30769232 2
1580398514228 0.3846154 3
1580398514279 0.46153846 4
1580398514330 0.61538464 5
1580398514380 0.46153846 6
1580398514430 0.46153846 7
1580398514481 0.3846154 8
1580398514531 0.6923077 9
1580398514581 0.61538464 10
1580398514632 0.6923077 11
1580398514683 0.7692308 12
1580398514735 0.6923077 13
1580398514789 0.9230769 14
1580398514871 0.6923077 15
1580398514947 0.61538464 16
1580398515021 0.84615386 17
1580398515096 0.84615386 18
1580398515172 0.53846157 19
1580398515248 0.6923077 20
1580398515323 0.6923077 21
1580398515399 0.46153846 22
1580398515476 0.6923077 23
1580398515552 0.46153846 24
1580398515628 0.61538464 25
1580398515705 0.7692308 26
1580398515782 0.53846157 27
1580398515859 0.46153846 28
1580398515935 0.61538464 29
