1580398514082 1.409670352935791 0
1580398514127 58.21121597290039 1
1580398514176 124.49690246582031 2
1580398514228 128.6338348388672 3
1580398514279 19.962312698364258 4
1580398514330 7.659779071807861 5
1580398514380 3.5381040573120117 6
1580398514430 5.550227642059326 7
1580398514481 4.135190486907959 8
1580398514531 1.3053797483444214 9
1580398514581 0.9496616721153259 10
1580398514632 0.8378819823265076 11
1580398514683 0.5808716416358948 12
1580398514735 0.7646746039390564 13
1580398514789 0.3086289167404175 14
1580398514871 0.9256268739700317 15
1580398514947 0.9216964244842529 16
1580398515021 0.42948976159095764 17
1580398515096 0.8639577031135559 18
1580398515172 0.9095320105552673 19
1580398515248 0.7332210540771484 20
1580398515323 0.558739423751831 21
1580398515399 1.1638939380645752 22
1580398515476 0.6332698464393616 23
1580398515552 1.023139476776123 24
1580398515628 0.5736580491065979 25
1580398515705 0.4868275225162506 26
1580398515782 0.8964319229125977 27
1580398515859 1.0262724161148071 28
1580398515935 0.7643252015113831 29
