1580398726481 0.0 0
1580398726538 0.0 1
1580398726593 0.07692308 2
1580398726649 0.3846154 3
1580398726706 0.3846154 4
1580398726762 0.3846154 5
1580398726818 0.30769232 6
1580398726873 0.30769232 7
1580398726929 0.30769232 8
1580398726985 0.3846154 9
1580398727039 0.46153846 10
1580398727095 0.46153846 11
1580398727151 0.53846157 12
1580398727207 0.30769232 13
1580398727263 0.3846154 14
1580398727321 0.61538464 15
1580398727384 0.61538464 16
1580398727447 0.61538464 17
1580398727504 0.6923077 18
1580398727561 0.61538464 19
1580398727619 0.53846157 20
1580398727677 0.6923077 21
1580398727734 0.7692308 22
1580398727793 0.53846157 23
1580398727852 0.7692308 24
1580398727908 0.7692308 25
1580398727966 0.7692308 26
1580398728021 0.61538464 27
1580398728077 0.46153846 28
1580398728134 0.61538464 29
