1580398726481 1.4424532651901245 0
1580398726538 1.4271552562713623 1
1580398726593 1.397565245628357 2
1580398726649 1.3801429271697998 3
1580398726706 1.3694298267364502 4
1580398726762 1.3324599266052246 5
1580398726818 1.3460392951965332 6
1580398726873 1.3765361309051514 7
1580398726929 1.4273039102554321 8
1580398726985 1.2908377647399902 9
1580398727039 1.2587286233901978 10
1580398727095 1.3020027875900269 11
1580398727151 1.2857728004455566 12
1580398727207 1.2904120683670044 13
1580398727263 1.283927321434021 14
1580398727321 1.1655789613723755 15
1580398727384 1.163439154624939 16
1580398727447 1.1510810852050781 17
1580398727504 1.023612141609192 18
1580398727561 1.122159481048584 19
1580398727619 1.0424097776412964 20
1580398727677 1.0709699392318726 21
1580398727734 0.9312041401863098 22
1580398727793 0.928424596786499 23
1580398727852 0.6931758522987366 24
1580398727908 0.7284905910491943 25
1580398727966 0.7954995036125183 26
1580398728021 0.8657974600791931 27
1580398728077 0.9968563914299011 28
1580398728134 0.7908686399459839 29
