1580354299251 0.07692308 0
1580354299294 0.30769232 1
1580354299342 0.23076923 2
1580354299390 0.30769232 3
1580354299438 0.3846154 4
1580354299485 0.53846157 5
1580354299532 0.30769232 6
1580354299580 0.46153846 7
1580354299627 0.46153846 8
1580354299675 0.23076923 9
1580354299723 0.53846157 10
1580354299775 0.3846154 11
1580354299823 0.46153846 12
1580354299871 0.53846157 13
1580354299919 0.53846157 14
1580354299966 0.53846157 15
1580354300014 0.6923077 16
1580354300062 0.61538464 17
1580354300137 0.53846157 18
1580354300207 0.53846157 19
1580354300277 0.6923077 20
1580354300347 0.3846154 21
1580354300418 0.53846157 22
1580354300489 0.61538464 23
1580354300560 0.61538464 24
1580354300631 0.61538464 25
1580354300702 0.53846157 26
1580354300773 0.61538464 27
1580354300844 0.46153846 28
1580354300915 0.61538464 29
