1580354299251 1.5326253175735474 0
1580354299294 1.3474558591842651 1
1580354299342 1.4099059104919434 2
1580354299390 1.3594061136245728 3
1580354299438 1.3412292003631592 4
1580354299485 1.3314831256866455 5
1580354299532 1.348926067352295 6
1580354299580 1.3523017168045044 7
1580354299627 1.3419100046157837 8
1580354299675 1.4520195722579956 9
1580354299723 1.2651689052581787 10
1580354299775 1.3337041139602661 11
1580354299823 1.304365634918213 12
1580354299871 1.293489933013916 13
1580354299919 1.2639350891113281 14
1580354299966 1.2564449310302734 15
1580354300014 1.2335318326950073 16
1580354300062 1.2597033977508545 17
1580354300137 1.3331122398376465 18
1580354300207 1.2070302963256836 19
1580354300277 1.2467581033706665 20
1580354300347 1.3733365535736084 21
1580354300418 1.3231823444366455 22
1580354300489 1.2456333637237549 23
1580354300560 1.2243913412094116 24
1580354300631 1.2260191440582275 25
1580354300702 1.2385355234146118 26
1580354300773 1.2697415351867676 27
1580354300844 1.2437540292739868 28
1580354300915 1.1645909547805786 29
