1580394073294 0.07692308 0
1580394073337 0.15384616 1
1580394073385 0.23076923 2
1580394073434 0.3846154 3
1580394073484 0.3846154 4
1580394073532 0.30769232 5
1580394073583 0.30769232 6
1580394073631 0.3846154 7
1580394073679 0.46153846 8
1580394073728 0.3846154 9
1580394073776 0.30769232 10
1580394073823 0.3846154 11
1580394073873 0.3846154 12
1580394073921 0.46153846 13
1580394073970 0.46153846 14
1580394074019 0.46153846 15
1580394074067 0.6923077 16
1580394074115 0.6923077 17
1580394074163 0.61538464 18
1580394074212 0.53846157 19
1580394074261 0.7692308 20
1580394074310 0.46153846 21
1580394074360 0.46153846 22
1580394074408 0.7692308 23
1580394074458 0.7692308 24
1580394074507 0.84615386 25
1580394074557 0.7692308 26
1580394074608 0.7692308 27
1580394074658 0.84615386 28
1580394074709 0.53846157 29
