1580394073294 1.5326253175735474 0
1580394073337 1.3626439571380615 1
1580394073385 1.4213231801986694 2
1580394073434 1.3773757219314575 3
1580394073484 1.3253345489501953 4
1580394073532 1.3336598873138428 5
1580394073583 1.3168704509735107 6
1580394073631 1.3252238035202026 7
1580394073679 1.268047571182251 8
1580394073728 1.3491848707199097 9
1580394073776 1.2430323362350464 10
1580394073823 1.3549721240997314 11
1580394073873 1.3113411664962769 12
1580394073921 1.1989047527313232 13
1580394073970 1.1846681833267212 14
1580394074019 1.1131128072738647 15
1580394074067 1.063615083694458 16
1580394074115 1.0320121049880981 17
1580394074163 1.0006356239318848 18
1580394074212 1.0741515159606934 19
1580394074261 0.9414952993392944 20
1580394074310 1.1370453834533691 21
1580394074360 1.1020857095718384 22
1580394074408 0.8426107168197632 23
1580394074458 0.796532928943634 24
1580394074507 0.7262316942214966 25
1580394074557 0.8168996572494507 26
1580394074608 0.7337258458137512 27
1580394074658 0.7692919373512268 28
1580394074709 0.7572292685508728 29
