1580398682132 0.61538464 0
1580398682180 0.30769232 1
1580398682233 0.3846154 2
1580398682289 0.3846154 3
1580398682375 0.46153846 4
1580398682456 0.3846154 5
1580398682537 0.46153846 6
1580398682618 0.46153846 7
1580398682700 0.61538464 8
1580398682782 0.53846157 9
1580398682865 0.53846157 10
1580398682947 0.7692308 11
1580398683030 0.3846154 12
1580398683114 0.6923077 13
1580398683196 0.7692308 14
1580398683279 0.6923077 15
1580398683363 0.53846157 16
1580398683446 0.53846157 17
1580398683530 0.61538464 18
1580398683612 0.84615386 19
1580398683695 0.84615386 20
1580398683778 0.6923077 21
1580398683861 0.6923077 22
1580398683945 0.61538464 23
1580398684028 0.61538464 24
1580398684111 0.7692308 25
1580398684194 0.6923077 26
1580398684277 0.6923077 27
1580398684360 0.6923077 28
1580398684443 0.84615386 29
