1580398682132 1.3643097877502441 0
1580398682180 1.2922589778900146 1
1580398682233 1.367673397064209 2
1580398682289 1.3073960542678833 3
1580398682375 1.2745410203933716 4
1580398682456 1.2603040933609009 5
1580398682537 1.2393571138381958 6
1580398682618 1.1650128364562988 7
1580398682700 1.0479360818862915 8
1580398682782 1.1052803993225098 9
1580398682865 0.9835354685783386 10
1580398682947 0.7244862914085388 11
1580398683030 1.1296534538269043 12
1580398683114 0.6841340661048889 13
1580398683196 0.7596763968467712 14
1580398683279 0.7279725670814514 15
1580398683363 0.8803519010543823 16
1580398683446 0.787268340587616 17
1580398683530 0.8190909028053284 18
1580398683612 0.5788741707801819 19
1580398683695 0.42664453387260437 20
1580398683778 0.5789011716842651 21
1580398683861 0.723401665687561 22
1580398683945 0.9829660654067993 23
1580398684028 0.5965039730072021 24
1580398684111 0.5191050171852112 25
1580398684194 0.6097331643104553 26
1580398684277 0.8907645344734192 27
1580398684360 0.7110265493392944 28
1580398684443 0.45036569237709045 29
