1580398920621 0.07692308 0
1580398920676 0.15384616 1
1580398920735 0.46153846 2
1580398920794 0.3846154 3
1580398920853 0.46153846 4
1580398920912 0.53846157 5
1580398920972 0.53846157 6
1580398921031 0.46153846 7
1580398921090 0.3846154 8
1580398921149 0.3846154 9
1580398921208 0.3846154 10
1580398921268 0.3846154 11
1580398921326 0.46153846 12
1580398921388 0.53846157 13
1580398921449 0.61538464 14
1580398921510 0.61538464 15
1580398921571 0.46153846 16
1580398921631 0.46153846 17
1580398921690 0.61538464 18
1580398921752 0.61538464 19
1580398921812 0.6923077 20
1580398921872 0.84615386 21
1580398921931 0.84615386 22
1580398921990 0.7692308 23
1580398922050 0.6923077 24
1580398922109 0.7692308 25
1580398922168 0.7692308 26
1580398922227 0.7692308 27
1580398922287 0.7692308 28
1580398922347 0.6923077 29
