1580398920621 1.399660587310791 0
1580398920676 1.39291512966156 1
1580398920735 1.3878576755523682 2
1580398920794 1.3418749570846558 3
1580398920853 1.2901116609573364 4
1580398920912 1.2936415672302246 5
1580398920972 1.2765990495681763 6
1580398921031 1.172966718673706 7
1580398921090 1.257947325706482 8
1580398921149 1.337571382522583 9
1580398921208 1.1925585269927979 10
1580398921268 1.299450159072876 11
1580398921326 1.232533574104309 12
1580398921388 0.9571728110313416 13
1580398921449 1.0012428760528564 14
1580398921510 1.1097886562347412 15
1580398921571 1.1770583391189575 16
1580398921631 1.1422444581985474 17
1580398921690 1.1070719957351685 18
1580398921752 1.0512244701385498 19
1580398921812 0.8796167969703674 20
1580398921872 0.7553768157958984 21
1580398921931 0.781410813331604 22
1580398921990 0.9677857756614685 23
1580398922050 0.7772035598754883 24
1580398922109 0.7294197082519531 25
1580398922168 0.52845698595047 26
1580398922227 0.7766621112823486 27
1580398922287 0.8240406513214111 28
1580398922347 0.7179091572761536 29
