1580398819182 0.23076923 0
1580398819235 0.15384616 1
1580398819291 0.3846154 2
1580398819348 0.3846154 3
1580398819404 0.3846154 4
1580398819461 0.53846157 5
1580398819519 0.30769232 6
1580398819576 0.46153846 7
1580398819633 0.3846154 8
1580398819690 0.53846157 9
1580398819748 0.30769232 10
1580398819805 0.53846157 11
1580398819862 0.53846157 12
1580398819919 0.46153846 13
1580398819976 0.46153846 14
1580398820033 0.46153846 15
1580398820091 0.53846157 16
1580398820148 0.46153846 17
1580398820206 0.7692308 18
1580398820264 0.61538464 19
1580398820321 0.84615386 20
1580398820378 0.61538464 21
1580398820435 0.7692308 22
1580398820492 0.84615386 23
1580398820550 0.7692308 24
1580398820607 0.61538464 25
1580398820666 0.53846157 26
1580398820723 0.61538464 27
1580398820781 0.6923077 28
1580398820839 0.46153846 29
