1580398819182 1.4339320659637451 0
1580398819235 1.4231890439987183 1
1580398819291 1.3596742153167725 2
1580398819348 1.3415923118591309 3
1580398819404 1.3614858388900757 4
1580398819461 1.3303459882736206 5
1580398819519 1.3409677743911743 6
1580398819576 1.2699742317199707 7
1580398819633 1.295480489730835 8
1580398819690 1.2510783672332764 9
1580398819748 1.3899773359298706 10
1580398819805 1.1678804159164429 11
1580398819862 1.2319340705871582 12
1580398819919 1.2567851543426514 13
1580398819976 1.2876639366149902 14
1580398820033 1.1891815662384033 15
1580398820091 1.1237670183181763 16
1580398820148 1.232683777809143 17
1580398820206 1.036838412284851 18
1580398820264 0.9503323435783386 19
1580398820321 0.8236528635025024 20
1580398820378 0.9608170390129089 21
1580398820435 0.9801092147827148 22
1580398820492 0.7281607389450073 23
1580398820550 0.8487846851348877 24
1580398820607 1.0442136526107788 25
1580398820666 0.8982007503509521 26
1580398820723 0.6874456405639648 27
1580398820781 0.8597107529640198 28
1580398820839 1.0488941669464111 29
