1580354498870 0.07692308 0
1580354498914 0.30769232 1
1580354498964 0.23076923 2
1580354499014 0.30769232 3
1580354499064 0.3846154 4
1580354499114 0.53846157 5
1580354499164 0.30769232 6
1580354499214 0.46153846 7
1580354499264 0.46153846 8
1580354499313 0.23076923 9
1580354499363 0.53846157 10
1580354499413 0.3846154 11
1580354499463 0.46153846 12
1580354499512 0.53846157 13
1580354499588 0.53846157 14
1580354499658 0.53846157 15
1580354499729 0.6923077 16
1580354499800 0.61538464 17
1580354499872 0.53846157 18
1580354499948 0.53846157 19
1580354500030 0.6923077 20
1580354500102 0.3846154 21
1580354500174 0.53846157 22
1580354500247 0.61538464 23
1580354500320 0.61538464 24
1580354500393 0.61538464 25
1580354500466 0.53846157 26
1580354500539 0.61538464 27
1580354500613 0.46153846 28
1580354500687 0.61538464 29
