1580354498870 1.5326253175735474 0
1580354498914 1.3474558591842651 1
1580354498964 1.4099059104919434 2
1580354499014 1.3594061136245728 3
1580354499064 1.3412292003631592 4
1580354499114 1.3314831256866455 5
1580354499164 1.348926067352295 6
1580354499214 1.3523017168045044 7
1580354499264 1.3419100046157837 8
1580354499313 1.4520195722579956 9
1580354499363 1.2651689052581787 10
1580354499413 1.3337041139602661 11
1580354499463 1.304365634918213 12
1580354499512 1.293489933013916 13
1580354499588 1.2639350891113281 14
1580354499658 1.2564449310302734 15
1580354499729 1.2335318326950073 16
1580354499800 1.2597033977508545 17
1580354499872 1.3331122398376465 18
1580354499948 1.2070302963256836 19
1580354500030 1.2467581033706665 20
1580354500102 1.3733365535736084 21
1580354500174 1.3231823444366455 22
1580354500247 1.2456333637237549 23
1580354500320 1.2243913412094116 24
1580354500393 1.2260191440582275 25
1580354500466 1.2385355234146118 26
1580354500539 1.2697415351867676 27
1580354500613 1.2437540292739868 28
1580354500687 1.1645909547805786 29
