1580398587603 0.15384616 0
1580398587651 0.3846154 1
1580398587704 0.07692308 2
1580398587758 0.30769232 3
1580398587841 0.3846154 4
1580398587919 0.53846157 5
1580398587997 0.53846157 6
1580398588075 0.46153846 7
1580398588153 0.61538464 8
1580398588231 0.61538464 9
1580398588309 0.46153846 10
1580398588387 0.61538464 11
1580398588465 0.7692308 12
1580398588543 0.7692308 13
1580398588620 0.7692308 14
1580398588697 0.6923077 15
1580398588776 0.9230769 16
1580398588854 0.6923077 17
1580398588932 0.53846157 18
1580398589010 0.84615386 19
1580398589088 0.9230769 20
1580398589167 0.61538464 21
1580398589245 0.7692308 22
1580398589323 0.6923077 23
1580398589402 0.6923077 24
1580398589482 0.6923077 25
1580398589560 0.6923077 26
1580398589639 0.7692308 27
1580398589718 0.9230769 28
1580398589797 0.7692308 29
