1580398587603 1.4138394594192505 0
1580398587651 18.790239334106445 1
1580398587704 88.9293212890625 2
1580398587758 14.240077018737793 3
1580398587841 19.1113338470459 4
1580398587919 3.275294065475464 5
1580398587997 2.267853260040283 6
1580398588075 2.724165201187134 7
1580398588153 1.2483928203582764 8
1580398588231 1.6519367694854736 9
1580398588309 1.065422773361206 10
1580398588387 0.6337915062904358 11
1580398588465 0.670737624168396 12
1580398588543 0.5609970092773438 13
1580398588620 0.4219500720500946 14
1580398588697 0.5428141951560974 15
1580398588776 0.4319475591182709 16
1580398588854 0.7214257717132568 17
1580398588932 0.6044561862945557 18
1580398589010 0.4086590111255646 19
1580398589088 0.26162606477737427 20
1580398589167 0.8681777119636536 21
1580398589245 0.4756011664867401 22
1580398589323 0.6779348850250244 23
1580398589402 0.7164318561553955 24
1580398589482 0.42586180567741394 25
1580398589560 0.6274242997169495 26
1580398589639 0.4665678143501282 27
1580398589718 0.2210642397403717 28
1580398589797 0.5881397128105164 29
