1580398770613 0.3846154 0
1580398770664 0.15384616 1
1580398770720 0.3846154 2
1580398770776 0.30769232 3
1580398770834 0.46153846 4
1580398770892 0.46153846 5
1580398770948 0.3846154 6
1580398771005 0.46153846 7
1580398771063 0.53846157 8
1580398771121 0.7692308 9
1580398771178 0.53846157 10
1580398771235 0.46153846 11
1580398771292 0.53846157 12
1580398771351 0.6923077 13
1580398771410 0.53846157 14
1580398771469 0.46153846 15
1580398771525 0.61538464 16
1580398771583 0.61538464 17
1580398771641 0.84615386 18
1580398771701 0.61538464 19
1580398771761 0.53846157 20
1580398771819 0.61538464 21
1580398771878 0.6923077 22
1580398771936 0.84615386 23
1580398771995 0.46153846 24
1580398772054 0.53846157 25
1580398772113 0.6923077 26
1580398772171 0.3846154 27
1580398772228 0.84615386 28
1580398772286 0.6923077 29
