1580398770613 1.38746178150177 0
1580398770664 12.298065185546875 1
1580398770720 26.683753967285156 2
1580398770776 2.4025638103485107 3
1580398770834 2.690302848815918 4
1580398770892 1.0220979452133179 5
1580398770948 1.4299063682556152 6
1580398771005 0.8526999950408936 7
1580398771063 0.7636082172393799 8
1580398771121 0.8548507690429688 9
1580398771178 0.7367821931838989 10
1580398771235 0.8407226204872131 11
1580398771292 0.8037287592887878 12
1580398771351 0.6071815490722656 13
1580398771410 0.9601516723632812 14
1580398771469 0.9020112752914429 15
1580398771525 0.6522781848907471 16
1580398771583 0.6865624785423279 17
1580398771641 0.3651866614818573 18
1580398771701 0.9380347728729248 19
1580398771761 0.7032619118690491 20
1580398771819 0.8408942818641663 21
1580398771878 0.6419788599014282 22
1580398771936 0.5749266743659973 23
1580398771995 1.1380600929260254 24
1580398772054 0.7149705290794373 25
1580398772113 0.6295290589332581 26
1580398772171 0.9786748290061951 27
1580398772228 0.5323746800422668 28
1580398772286 0.6043493747711182 29
