1580398622741 0.23076923 0
1580398622790 0.30769232 1
1580398622842 0.30769232 2
1580398622896 0.53846157 3
1580398622950 0.46153846 4
1580398623004 0.23076923 5
1580398623058 0.61538464 6
1580398623112 0.46153846 7
1580398623167 0.61538464 8
1580398623221 0.30769232 9
1580398623275 0.3846154 10
1580398623329 0.46153846 11
1580398623384 0.53846157 12
1580398623438 0.53846157 13
1580398623491 0.6923077 14
1580398623544 0.61538464 15
1580398623599 0.53846157 16
1580398623653 0.53846157 17
1580398623708 0.6923077 18
1580398623762 0.61538464 19
1580398623816 0.61538464 20
1580398623871 0.61538464 21
1580398623926 0.7692308 22
1580398623980 0.6923077 23
1580398624034 0.7692308 24
1580398624087 0.84615386 25
1580398624141 0.9230769 26
1580398624195 0.9230769 27
1580398624248 0.7692308 28
1580398624301 0.84615386 29
