1580398622741 1.3711518049240112 0
1580398622790 1.3854268789291382 1
1580398622842 1.3315008878707886 2
1580398622896 1.3304475545883179 3
1580398622950 1.3290499448776245 4
1580398623004 1.4062238931655884 5
1580398623058 1.2032253742218018 6
1580398623112 1.1852238178253174 7
1580398623167 1.125332236289978 8
1580398623221 1.5030759572982788 9
1580398623275 1.1739771366119385 10
1580398623329 1.2527048587799072 11
1580398623384 1.0793551206588745 12
1580398623438 0.9007147550582886 13
1580398623491 0.7651547789573669 14
1580398623544 1.0719497203826904 15
1580398623599 0.9467239379882812 16
1580398623653 0.9309651255607605 17
1580398623708 0.8077830076217651 18
1580398623762 0.941251814365387 19
1580398623816 0.8221884369850159 20
1580398623871 0.7318902611732483 21
1580398623926 0.5434845685958862 22
1580398623980 0.6059978008270264 23
1580398624034 0.46730512380599976 24
1580398624087 0.3773484230041504 25
1580398624141 0.3809916377067566 26
1580398624195 0.18118971586227417 27
1580398624248 0.7117890119552612 28
1580398624301 0.4665018320083618 29
