1580456949738 0.3846154 0
1580456949798 0.30769232 1
1580456949896 0.53846157 2
1580456949988 0.53846157 3
1580456950082 0.53846157 4
1580456950180 0.46153846 5
1580456950271 0.3846154 6
1580456950363 0.53846157 7
1580456950457 0.3846154 8
1580456950550 0.15384616 9
1580456950643 0.46153846 10
1580456950738 0.46153846 11
1580456950839 0.3846154 12
1580456950933 0.46153846 13
1580456951027 0.3846154 14
1580456951122 0.3846154 15
1580456951216 0.84615386 16
1580456951312 0.30769232 17
1580456951407 0.23076923 18
1580456951502 0.30769232 19
1580456951597 0.3846154 20
1580456951692 0.30769232 21
1580456951787 0.53846157 22
1580456951882 0.3846154 23
1580456951978 0.53846157 24
1580456952073 0.46153846 25
1580456952168 0.3846154 26
1580456952263 0.3846154 27
1580456952359 0.23076923 28
1580456952454 0.23076923 29
