1580456949738 1.409670352935791 0
1580456949798 1.3710665702819824 1
1580456949896 1.3521188497543335 2
1580456949988 1.2168675661087036 3
1580456950082 1.2072821855545044 4
1580456950180 0.9318740367889404 5
1580456950271 1.479917287826538 6
1580456950363 1.3259847164154053 7
1580456950457 1.2831215858459473 8
1580456950550 1.4614615440368652 9
1580456950643 1.0004278421401978 10
1580456950738 0.9772716164588928 11
1580456950839 1.2261990308761597 12
1580456950933 1.0591046810150146 13
1580456951027 1.1510472297668457 14
1580456951122 1.314371943473816 15
1580456951216 0.5861330032348633 16
1580456951312 1.288118600845337 17
1580456951407 1.7170345783233643 18
1580456951502 1.2912293672561646 19
1580456951597 1.5066101551055908 20
1580456951692 1.3745874166488647 21
1580456951787 1.0180299282073975 22
1580456951882 0.9542364478111267 23
1580456951978 0.9136136770248413 24
1580456952073 0.9982186555862427 25
1580456952168 1.0243664979934692 26
1580456952263 0.9682340621948242 27
1580456952359 1.2884974479675293 28
1580456952454 1.183547854423523 29
