1580394144019 0.15384616 0
1580394144062 0.15384616 1
1580394144113 0.07692308 2
1580394144162 0.15384616 3
1580394144212 0.15384616 4
1580394144261 0.46153846 5
1580394144310 0.46153846 6
1580394144360 0.30769232 7
1580394144410 0.3846154 8
1580394144464 0.23076923 9
1580394144515 0.3846154 10
1580394144565 0.15384616 11
1580394144615 0.15384616 12
1580394144666 0.46153846 13
1580394144716 0.30769232 14
1580394144766 0.3846154 15
1580394144818 0.6923077 16
1580394144868 0.46153846 17
1580394144919 0.3846154 18
1580394144968 0.61538464 19
1580394145019 0.3846154 20
1580394145069 0.46153846 21
1580394145119 0.15384616 22
1580394145170 0.30769232 23
1580394145221 0.30769232 24
1580394145272 0.53846157 25
1580394145323 0.46153846 26
1580394145373 0.46153846 27
1580394145426 0.3846154 28
1580394145477 0.30769232 29
