1580394144019 1.44146728515625 0
1580394144062 1.4436975717544556 1
1580394144113 1.5912435054779053 2
1580394144162 1.4904537200927734 3
1580394144212 1.4759204387664795 4
1580394144261 1.3394156694412231 5
1580394144310 1.313636302947998 6
1580394144360 1.3854491710662842 7
1580394144410 1.2890044450759888 8
1580394144464 1.393693447113037 9
1580394144515 1.2784178256988525 10
1580394144565 1.3910108804702759 11
1580394144615 1.4195888042449951 12
1580394144666 1.2576019763946533 13
1580394144716 1.3713196516036987 14
1580394144766 1.2883400917053223 15
1580394144818 1.1943453550338745 16
1580394144868 1.2892104387283325 17
1580394144919 1.4416594505310059 18
1580394144968 1.1672488451004028 19
1580394145019 1.3677209615707397 20
1580394145069 1.1374818086624146 21
1580394145119 1.4247221946716309 22
1580394145170 1.2675731182098389 23
1580394145221 1.3829618692398071 24
1580394145272 1.3195065259933472 25
1580394145323 1.036638855934143 26
1580394145373 1.289082646369934 27
1580394145426 1.2832067012786865 28
1580394145477 1.3898512125015259 29
