1580398647661 0.15384616 0
1580398647709 0.23076923 1
1580398647763 0.46153846 2
1580398647816 0.46153846 3
1580398647869 0.46153846 4
1580398647922 0.30769232 5
1580398647975 0.46153846 6
1580398648027 0.61538464 7
1580398648082 0.46153846 8
1580398648135 0.61538464 9
1580398648188 0.6923077 10
1580398648241 0.61538464 11
1580398648295 0.61538464 12
1580398648348 0.53846157 13
1580398648403 0.7692308 14
1580398648456 0.6923077 15
1580398648510 0.84615386 16
1580398648565 0.53846157 17
1580398648618 0.7692308 18
1580398648672 0.84615386 19
1580398648727 0.84615386 20
1580398648781 0.7692308 21
1580398648835 0.84615386 22
1580398648889 0.6923077 23
1580398648945 0.84615386 24
1580398649000 0.84615386 25
1580398649054 0.6923077 26
1580398649110 0.84615386 27
1580398649166 0.84615386 28
1580398649222 0.7692308 29
