1580398647661 1.4432117938995361 0
1580398647709 1.386369228363037 1
1580398647763 1.3336859941482544 2
1580398647816 1.3246982097625732 3
1580398647869 1.2849992513656616 4
1580398647922 1.3981913328170776 5
1580398647975 1.2486711740493774 6
1580398648027 1.298417329788208 7
1580398648082 1.1694644689559937 8
1580398648135 1.1439025402069092 9
1580398648188 0.9635857939720154 10
1580398648241 1.0286993980407715 11
1580398648295 0.8270248174667358 12
1580398648348 0.93086177110672 13
1580398648403 0.7455960512161255 14
1580398648456 0.7656612396240234 15
1580398648510 0.6297634840011597 16
1580398648565 0.954439103603363 17
1580398648618 0.7164851427078247 18
1580398648672 0.5721701979637146 19
1580398648727 0.6281262040138245 20
1580398648781 0.6781330704689026 21
1580398648835 0.5710281729698181 22
1580398648889 0.5745280981063843 23
1580398648945 0.49859002232551575 24
1580398649000 0.3768605589866638 25
1580398649054 0.7730941772460938 26
1580398649110 0.46454158425331116 27
1580398649166 0.49452510476112366 28
1580398649222 0.643717885017395 29
