1580380940131 0.07692308 0
1580380940178 0.30769232 1
1580380940249 0.23076923 2
1580380940316 0.30769232 3
1580380940382 0.3846154 4
1580380940453 0.53846157 5
1580380940520 0.30769232 6
1580380940587 0.46153846 7
1580380940654 0.46153846 8
1580380940721 0.23076923 9
1580380940789 0.53846157 10
1580380940856 0.3846154 11
1580380940923 0.46153846 12
1580380940991 0.53846157 13
1580380941059 0.53846157 14
1580380941127 0.53846157 15
1580380941196 0.6923077 16
1580380941265 0.61538464 17
1580380941334 0.53846157 18
1580380941404 0.53846157 19
1580380941474 0.6923077 20
1580380941544 0.3846154 21
1580380941614 0.53846157 22
1580380941684 0.61538464 23
1580380941754 0.61538464 24
1580380941824 0.61538464 25
1580380941894 0.53846157 26
1580380941964 0.61538464 27
1580380942034 0.46153846 28
1580380942105 0.61538464 29
