1580380940131 1.5326253175735474 0
1580380940178 1.3474558591842651 1
1580380940249 1.4099059104919434 2
1580380940316 1.3594061136245728 3
1580380940382 1.3412292003631592 4
1580380940453 1.3314831256866455 5
1580380940520 1.348926067352295 6
1580380940587 1.3523017168045044 7
1580380940654 1.3419100046157837 8
1580380940721 1.4520195722579956 9
1580380940789 1.2651689052581787 10
1580380940856 1.3337041139602661 11
1580380940923 1.304365634918213 12
1580380940991 1.293489933013916 13
1580380941059 1.2639350891113281 14
1580380941127 1.2564449310302734 15
1580380941196 1.2335318326950073 16
1580380941265 1.2597033977508545 17
1580380941334 1.3331122398376465 18
1580380941404 1.2070302963256836 19
1580380941474 1.2467581033706665 20
1580380941544 1.3733365535736084 21
1580380941614 1.3231823444366455 22
1580380941684 1.2456333637237549 23
1580380941754 1.2243913412094116 24
1580380941824 1.2260191440582275 25
1580380941894 1.2385355234146118 26
1580380941964 1.2697415351867676 27
1580380942034 1.2437540292739868 28
1580380942105 1.1645909547805786 29
