1580398895765 0.23076923 0
1580398895819 0.3846154 1
1580398895878 0.3846154 2
1580398895937 0.46153846 3
1580398895997 0.15384616 4
1580398896056 0.61538464 5
1580398896122 0.46153846 6
1580398896182 0.23076923 7
1580398896241 0.61538464 8
1580398896300 0.61538464 9
1580398896360 0.23076923 10
1580398896421 0.30769232 11
1580398896483 0.3846154 12
1580398896578 0.46153846 13
1580398896668 0.3846154 14
1580398896759 0.46153846 15
1580398896849 0.23076923 16
1580398896940 0.3846154 17
1580398897030 0.3846154 18
1580398897121 0.15384616 19
1580398897212 0.53846157 20
1580398897304 0.3846154 21
1580398897395 0.30769232 22
1580398897487 0.6923077 23
1580398897587 0.61538464 24
1580398897678 0.3846154 25
1580398897768 0.46153846 26
1580398897858 0.61538464 27
1580398897948 0.53846157 28
1580398898038 0.46153846 29
