1580398895765 1.4003956317901611 0
1580398895819 1.3494874238967896 1
1580398895878 1.376309871673584 2
1580398895937 1.26041579246521 3
1580398895997 1.419676661491394 4
1580398896056 1.2102162837982178 5
1580398896122 1.3217220306396484 6
1580398896182 1.2653883695602417 7
1580398896241 1.1166332960128784 8
1580398896300 0.9244037866592407 9
1580398896360 1.856689691543579 10
1580398896421 1.2918821573257446 11
1580398896483 1.1380754709243774 12
1580398896578 1.0706058740615845 13
1580398896668 1.0814138650894165 14
1580398896759 0.9603944420814514 15
1580398896849 1.2750990390777588 16
1580398896940 1.0193787813186646 17
1580398897030 1.140499472618103 18
1580398897121 1.3000861406326294 19
1580398897212 1.0336225032806396 20
1580398897304 0.8677541017532349 21
1580398897395 1.0166666507720947 22
1580398897487 0.8352892994880676 23
1580398897587 1.032552719116211 24
1580398897678 1.2772988080978394 25
1580398897768 0.8994109630584717 26
1580398897858 0.7988928556442261 27
1580398897948 0.730444610118866 28
1580398898038 1.207436442375183 29
