1580398555600 0.23076923 0
1580398555647 0.23076923 1
1580398555699 0.30769232 2
1580398555750 0.30769232 3
1580398555802 0.30769232 4
1580398555852 0.30769232 5
1580398555902 0.46153846 6
1580398555953 0.46153846 7
1580398556003 0.30769232 8
1580398556054 0.3846154 9
1580398556104 0.61538464 10
1580398556157 0.53846157 11
1580398556207 0.53846157 12
1580398556259 0.46153846 13
1580398556309 0.84615386 14
1580398556361 0.7692308 15
1580398556412 0.61538464 16
1580398556463 0.6923077 17
1580398556514 0.6923077 18
1580398556565 0.7692308 19
1580398556617 0.46153846 20
1580398556670 0.53846157 21
1580398556724 0.7692308 22
1580398556776 0.7692308 23
1580398556828 0.84615386 24
1580398556880 0.7692308 25
1580398556931 0.84615386 26
1580398556983 0.6923077 27
1580398557035 0.84615386 28
1580398557087 0.6923077 29
