1580398555600 1.4067178964614868 0
1580398555647 1.3917357921600342 1
1580398555699 1.350231647491455 2
1580398555750 1.3381659984588623 3
1580398555802 1.3445426225662231 4
1580398555852 1.3500022888183594 5
1580398555902 1.2557345628738403 6
1580398555953 1.2574982643127441 7
1580398556003 1.288590908050537 8
1580398556054 1.1361883878707886 9
1580398556104 0.975563645362854 10
1580398556157 1.1377112865447998 11
1580398556207 1.01860511302948 12
1580398556259 0.952051043510437 13
1580398556309 0.7566083073616028 14
1580398556361 0.7589642405509949 15
1580398556412 0.9496530294418335 16
1580398556463 0.8217780590057373 17
1580398556514 0.7561735510826111 18
1580398556565 0.4496108889579773 19
1580398556617 1.2322458028793335 20
1580398556670 0.8687343001365662 21
1580398556724 0.5145358443260193 22
1580398556776 0.7458827495574951 23
1580398556828 0.665846586227417 24
1580398556880 0.6219527125358582 25
1580398556931 0.5342721343040466 26
1580398556983 0.5131999254226685 27
1580398557035 0.5220897197723389 28
1580398557087 0.7161064743995667 29
