1580398500144 0.23076923 0
1580398500191 0.23076923 1
1580398500242 0.53846157 2
1580398500292 0.30769232 3
1580398500340 0.30769232 4
1580398500393 0.15384616 5
1580398500470 0.30769232 6
1580398500544 0.3846154 7
1580398500618 0.23076923 8
1580398500692 0.46153846 9
1580398500766 0.6923077 10
1580398500840 0.15384616 11
1580398500914 0.46153846 12
1580398500988 0.30769232 13
1580398501062 0.3846154 14
1580398501136 0.46153846 15
1580398501211 0.46153846 16
1580398501291 0.46153846 17
1580398501366 0.6923077 18
1580398501440 0.46153846 19
1580398501495 0.46153846 20
1580398501547 0.46153846 21
1580398501598 0.53846157 22
1580398501650 0.3846154 23
1580398501702 0.6923077 24
1580398501752 0.61538464 25
1580398501803 0.53846157 26
1580398501855 0.46153846 27
1580398501908 0.3846154 28
1580398501960 0.46153846 29
