1580398500144 1.399147868156433 0
1580398500191 1.3248639106750488 1
1580398500242 1.242506742477417 2
1580398500292 1.3833829164505005 3
1580398500340 1.650086522102356 4
1580398500393 1.545211911201477 5
1580398500470 1.3393135070800781 6
1580398500544 1.2640552520751953 7
1580398500618 1.367756724357605 8
1580398500692 1.2141175270080566 9
1580398500766 1.0576667785644531 10
1580398500840 1.362714171409607 11
1580398500914 1.095251441001892 12
1580398500988 1.4074028730392456 13
1580398501062 1.424378752708435 14
1580398501136 1.1266727447509766 15
1580398501211 1.1162867546081543 16
1580398501291 1.1656967401504517 17
1580398501366 0.8533313274383545 18
1580398501440 1.1670674085617065 19
1580398501495 1.1302547454833984 20
1580398501547 1.1166554689407349 21
1580398501598 0.8878868818283081 22
1580398501650 1.2722517251968384 23
1580398501702 0.8251127600669861 24
1580398501752 1.0446951389312744 25
1580398501803 0.8294332027435303 26
1580398501855 1.6291842460632324 27
1580398501908 1.3110744953155518 28
1580398501960 1.1340237855911255 29
