1580398565817 0.23076923 0
1580398565894 0.30769232 1
1580398565971 0.30769232 2
1580398566054 0.46153846 3
1580398566130 0.3846154 4
1580398566206 0.30769232 5
1580398566282 0.46153846 6
1580398566358 0.30769232 7
1580398566434 0.46153846 8
1580398566510 0.3846154 9
1580398566586 0.61538464 10
1580398566662 0.46153846 11
1580398566739 0.61538464 12
1580398566816 0.53846157 13
1580398566893 0.53846157 14
1580398566972 0.3846154 15
1580398567050 0.61538464 16
1580398567128 0.61538464 17
1580398567207 0.46153846 18
1580398567284 0.61538464 19
1580398567362 0.53846157 20
1580398567439 0.84615386 21
1580398567516 0.6923077 22
1580398567594 0.84615386 23
1580398567673 0.6923077 24
1580398567752 0.3846154 25
1580398567831 0.7692308 26
1580398567910 0.7692308 27
1580398567989 0.84615386 28
1580398568068 0.61538464 29
