1580398565817 1.397230625152588 0
1580398565894 1.3677022457122803 1
1580398565971 1.3446825742721558 2
1580398566054 1.324645757675171 3
1580398566130 1.3485890626907349 4
1580398566206 1.3908811807632446 5
1580398566282 1.3477575778961182 6
1580398566358 1.3377095460891724 7
1580398566434 1.2568186521530151 8
1580398566510 1.2820136547088623 9
1580398566586 1.1349072456359863 10
1580398566662 1.1556166410446167 11
1580398566739 1.1669659614562988 12
1580398566816 1.0916653871536255 13
1580398566893 1.0750788450241089 14
1580398566972 1.1087474822998047 15
1580398567050 0.9517475366592407 16
1580398567128 1.0510705709457397 17
1580398567207 1.102759599685669 18
1580398567284 0.8127198815345764 19
1580398567362 0.8345489501953125 20
1580398567439 0.8028889894485474 21
1580398567516 0.7611885070800781 22
1580398567594 0.5857932567596436 23
1580398567673 0.8743712902069092 24
1580398567752 0.9643749594688416 25
1580398567831 0.5690219402313232 26
1580398567910 0.7102728486061096 27
1580398567989 0.541962206363678 28
1580398568068 0.8103676438331604 29
