1580398855030 0.23076923 0
1580398855082 0.30769232 1
1580398855142 0.3846154 2
1580398855205 0.46153846 3
1580398855270 0.3846154 4
1580398855364 0.53846157 5
1580398855453 0.3846154 6
1580398855542 0.30769232 7
1580398855631 0.30769232 8
1580398855719 0.53846157 9
1580398855808 0.53846157 10
1580398855897 0.46153846 11
1580398855986 0.53846157 12
1580398856076 0.6923077 13
1580398856164 0.61538464 14
1580398856253 0.30769232 15
1580398856342 0.9230769 16
1580398856430 0.7692308 17
1580398856520 0.61538464 18
1580398856614 0.61538464 19
1580398856707 0.84615386 20
1580398856797 0.84615386 21
1580398856887 0.84615386 22
1580398856976 0.84615386 23
1580398857066 0.7692308 24
1580398857156 0.7692308 25
1580398857246 0.9230769 26
1580398857336 0.9230769 27
1580398857426 0.7692308 28
1580398857516 0.84615386 29
