1580398855030 1.375954270362854 0
1580398855082 1.3895628452301025 1
1580398855142 1.3308889865875244 2
1580398855205 1.333909273147583 3
1580398855270 1.4113538265228271 4
1580398855364 1.2279518842697144 5
1580398855453 1.2316210269927979 6
1580398855542 1.3183029890060425 7
1580398855631 1.2162563800811768 8
1580398855719 0.9536787867546082 9
1580398855808 0.8522195816040039 10
1580398855897 1.2223312854766846 11
1580398855986 0.9957682490348816 12
1580398856076 0.9335127472877502 13
1580398856164 0.7066524028778076 14
1580398856253 1.1138120889663696 15
1580398856342 0.6621662974357605 16
1580398856430 0.6047894358634949 17
1580398856520 0.8379389047622681 18
1580398856614 0.7173119187355042 19
1580398856707 0.4822797179222107 20
1580398856797 0.5346055626869202 21
1580398856887 0.5105031728744507 22
1580398856976 0.6661242842674255 23
1580398857066 0.5333042740821838 24
1580398857156 0.4897904098033905 25
1580398857246 0.27463456988334656 26
1580398857336 0.3106467127799988 27
1580398857426 0.4693394899368286 28
1580398857516 0.3630203902721405 29
