1580456905909 0.07692308 0
1580456905964 0.30769232 1
1580456906029 0.3846154 2
1580456906090 0.15384616 3
1580456906151 0.30769232 4
1580456906213 0.23076923 5
1580456906275 0.30769232 6
1580456906335 0.46153846 7
1580456906396 0.7692308 8
1580456906458 0.6923077 9
1580456906519 0.6923077 10
1580456906579 0.7692308 11
1580456906641 0.7692308 12
1580456906704 0.9230769 13
1580456906800 0.9230769 14
1580456906891 0.84615386 15
1580456906984 0.84615386 16
1580456907081 0.7692308 17
1580456907173 0.84615386 18
1580456907264 0.84615386 19
1580456907356 0.9230769 20
1580456907448 0.6923077 21
1580456907540 0.84615386 22
1580456907632 0.7692308 23
1580456907724 0.61538464 24
1580456907817 0.84615386 25
1580456907914 0.61538464 26
1580456908007 0.61538464 27
1580456908080 0.9230769 28
1580456908143 0.61538464 29
