1580456905909 1.5326253175735474 0
1580456905964 72.01150512695312 1
1580456906029 197.05661010742188 2
1580456906090 181.40399169921875 3
1580456906151 76.60891723632812 4
1580456906213 17.31723403930664 5
1580456906275 12.385369300842285 6
1580456906335 4.952389717102051 7
1580456906396 1.0131605863571167 8
1580456906458 1.5199501514434814 9
1580456906519 0.9632700681686401 10
1580456906579 0.6331160068511963 11
1580456906641 0.5337019562721252 12
1580456906704 0.3309733271598816 13
1580456906800 0.26500165462493896 14
1580456906891 0.40499576926231384 15
1580456906984 0.3660092055797577 16
1580456907081 0.45480507612228394 17
1580456907173 0.3764556646347046 18
1580456907264 0.3372049629688263 19
1580456907356 0.23339010775089264 20
1580456907448 0.9523932933807373 21
1580456907540 0.34982556104660034 22
1580456907632 0.5540664792060852 23
1580456907724 0.8153873085975647 24
1580456907817 0.43192216753959656 25
1580456907914 0.8060718774795532 26
1580456908007 0.7127639055252075 27
1580456908080 0.2446613311767578 28
1580456908143 0.9143221974372864 29
