1580398806004 0.15384616 0
1580398806057 0.30769232 1
1580398806115 0.30769232 2
1580398806172 0.30769232 3
1580398806228 0.30769232 4
1580398806288 0.30769232 5
1580398806346 0.30769232 6
1580398806406 0.46153846 7
1580398806463 0.15384616 8
1580398806522 0.61538464 9
1580398806578 0.46153846 10
1580398806636 0.46153846 11
1580398806695 0.61538464 12
1580398806753 0.53846157 13
1580398806812 0.53846157 14
1580398806870 0.46153846 15
1580398806927 0.46153846 16
1580398806985 0.61538464 17
1580398807042 0.61538464 18
1580398807099 0.7692308 19
1580398807156 0.6923077 20
1580398807213 0.61538464 21
1580398807270 0.53846157 22
1580398807328 0.7692308 23
1580398807386 0.7692308 24
1580398807445 0.61538464 25
1580398807502 0.7692308 26
1580398807562 0.61538464 27
1580398807619 0.61538464 28
1580398807677 0.84615386 29
