1580398806004 1.4422348737716675 0
1580398806057 1.3922852277755737 1
1580398806115 1.3717375993728638 2
1580398806172 1.4086271524429321 3
1580398806228 1.3798846006393433 4
1580398806288 1.296897053718567 5
1580398806346 1.3139961957931519 6
1580398806406 1.3057854175567627 7
1580398806463 1.4202619791030884 8
1580398806522 1.2141982316970825 9
1580398806578 1.2875161170959473 10
1580398806636 1.250474214553833 11
1580398806695 1.131099820137024 12
1580398806753 1.1141871213912964 13
1580398806812 1.068880558013916 14
1580398806870 1.0936102867126465 15
1580398806927 1.1409682035446167 16
1580398806985 0.9219420552253723 17
1580398807042 0.9113835692405701 18
1580398807099 0.9098402261734009 19
1580398807156 0.7151801586151123 20
1580398807213 0.9430771470069885 21
1580398807270 0.7312345504760742 22
1580398807328 0.7096062898635864 23
1580398807386 0.9521520137786865 24
1580398807445 0.8023005127906799 25
1580398807502 0.6348062753677368 26
1580398807562 0.7924502491950989 27
1580398807619 0.5688361525535583 28
1580398807677 0.5139434933662415 29
