1580457056117 0.23076923 0
1580457056177 0.23076923 1
1580457056239 0.30769232 2
1580457056304 0.15384616 3
1580457056368 0.3846154 4
1580457056430 0.46153846 5
1580457056493 0.3846154 6
1580457056555 0.30769232 7
1580457056619 0.53846157 8
1580457056682 0.6923077 9
1580457056747 0.3846154 10
1580457056809 0.61538464 11
1580457056872 0.46153846 12
1580457056934 0.61538464 13
1580457056998 0.53846157 14
1580457057062 0.6923077 15
1580457057127 0.46153846 16
1580457057189 0.61538464 17
1580457057254 0.61538464 18
1580457057318 0.61538464 19
1580457057384 0.46153846 20
1580457057448 0.53846157 21
1580457057511 0.6923077 22
1580457057576 0.61538464 23
1580457057639 0.9230769 24
1580457057701 0.46153846 25
1580457057766 0.53846157 26
1580457057831 0.53846157 27
1580457057896 0.7692308 28
1580457057962 0.6923077 29
