1580457056117 1.3982840776443481 0
1580457056177 111.2138671875 1
1580457056239 101.92401885986328 2
1580457056304 26.424640655517578 3
1580457056368 13.784346580505371 4
1580457056430 7.726824760437012 5
1580457056493 1.5395445823669434 6
1580457056555 1.5640050172805786 7
1580457056619 0.9267642498016357 8
1580457056682 0.9229328632354736 9
1580457056747 1.3552659749984741 10
1580457056809 0.8706881999969482 11
1580457056872 1.0148745775222778 12
1580457056934 0.7779185771942139 13
1580457056998 0.8125147223472595 14
1580457057062 0.7955583930015564 15
1580457057127 0.8802614212036133 16
1580457057189 0.8101769685745239 17
1580457057254 0.6709558963775635 18
1580457057318 0.7358875274658203 19
1580457057384 1.2409436702728271 20
1580457057448 1.004294514656067 21
1580457057511 0.664600670337677 22
1580457057576 0.894676923751831 23
1580457057639 0.4236951172351837 24
1580457057701 1.2217656373977661 25
1580457057766 0.9934902787208557 26
1580457057831 0.8326857686042786 27
1580457057896 0.6717736721038818 28
1580457057962 0.7167550325393677 29
