1580457036665 0.23076923 0
1580457036723 0.23076923 1
1580457036785 0.3846154 2
1580457036850 0.07692308 3
1580457036907 0.3846154 4
1580457036968 0.3846154 5
1580457037033 0.46153846 6
1580457037134 0.53846157 7
1580457037228 0.6923077 8
1580457037322 0.46153846 9
1580457037416 0.7692308 10
1580457037511 0.9230769 11
1580457037606 0.9230769 12
1580457037700 0.61538464 13
1580457037795 0.61538464 14
1580457037891 0.61538464 15
1580457037986 0.6923077 16
1580457038082 0.6923077 17
1580457038177 0.61538464 18
1580457038273 0.6923077 19
1580457038369 0.84615386 20
1580457038465 0.9230769 21
1580457038561 0.9230769 22
1580457038657 0.84615386 23
1580457038753 0.7692308 24
1580457038849 0.53846157 25
1580457038946 0.7692308 26
1580457039042 0.7692308 27
1580457039139 0.7692308 28
1580457039236 0.84615386 29
