1580457036665 1.403058409690857 0
1580457036723 330.89208984375 1
1580457036785 223.76231384277344 2
1580457036850 244.4408416748047 3
1580457036907 42.83334732055664 4
1580457036968 38.532527923583984 5
1580457037033 11.788971900939941 6
1580457037134 3.0425221920013428 7
1580457037228 0.8188809752464294 8
1580457037322 1.3621211051940918 9
1580457037416 0.34645241498947144 10
1580457037511 0.53780597448349 11
1580457037606 0.31966426968574524 12
1580457037700 1.1308101415634155 13
1580457037795 1.1857361793518066 14
1580457037891 0.7873267531394958 15
1580457037986 1.0914199352264404 16
1580457038082 0.6709142327308655 17
1580457038177 0.8781284093856812 18
1580457038273 0.586654007434845 19
1580457038369 0.40014636516571045 20
1580457038465 0.289894163608551 21
1580457038561 0.18065854907035828 22
1580457038657 0.3571736216545105 23
1580457038753 0.39287570118904114 24
1580457038849 0.7304750680923462 25
1580457038946 0.44227272272109985 26
1580457039042 0.5238589644432068 27
1580457039139 0.9718512296676636 28
1580457039236 0.41779226064682007 29
