1580398636753 0.15384616 0
1580398636802 0.3846154 1
1580398636857 0.3846154 2
1580398636909 0.46153846 3
1580398636962 0.3846154 4
1580398637014 0.3846154 5
1580398637069 0.3846154 6
1580398637125 0.3846154 7
1580398637178 0.46153846 8
1580398637235 0.30769232 9
1580398637321 0.46153846 10
1580398637401 0.53846157 11
1580398637482 0.6923077 12
1580398637563 0.6923077 13
1580398637644 0.61538464 14
1580398637725 0.61538464 15
1580398637808 0.53846157 16
1580398637894 0.7692308 17
1580398637976 0.7692308 18
1580398638057 0.84615386 19
1580398638139 0.84615386 20
1580398638221 0.7692308 21
1580398638304 0.6923077 22
1580398638393 0.84615386 23
1580398638475 0.84615386 24
1580398638558 0.84615386 25
1580398638640 0.7692308 26
1580398638722 0.6923077 27
1580398638803 0.84615386 28
1580398638884 0.84615386 29
