1580398636753 1.3716486692428589 0
1580398636802 1.3321999311447144 1
1580398636857 1.4096258878707886 2
1580398636909 1.2926857471466064 3
1580398636962 1.3443920612335205 4
1580398637014 1.2054709196090698 5
1580398637069 1.234344720840454 6
1580398637125 1.2489622831344604 7
1580398637178 1.2942754030227661 8
1580398637235 1.2891141176223755 9
1580398637321 1.0236886739730835 10
1580398637401 0.9811112284660339 11
1580398637482 0.8846752643585205 12
1580398637563 0.9376534223556519 13
1580398637644 0.8098092675209045 14
1580398637725 0.7839529514312744 15
1580398637808 0.9282578825950623 16
1580398637894 0.7633585333824158 17
1580398637976 0.7130895853042603 18
1580398638057 0.6628794074058533 19
1580398638139 0.6096172332763672 20
1580398638221 0.6154738068580627 21
1580398638304 0.6493707895278931 22
1580398638393 0.41391703486442566 23
1580398638475 0.5408613681793213 24
1580398638558 0.5844916701316833 25
1580398638640 0.5858011841773987 26
1580398638722 0.6657833456993103 27
1580398638803 0.5123345255851746 28
1580398638884 0.4022061228752136 29
