1580456976866 0.23076923 0
1580456976921 0.30769232 1
1580456976982 0.07692308 2
1580456977041 0.3846154 3
1580456977101 0.3846154 4
1580456977162 0.30769232 5
1580456977224 0.3846154 6
1580456977286 0.46153846 7
1580456977349 0.3846154 8
1580456977412 0.6923077 9
1580456977472 0.46153846 10
1580456977534 0.46153846 11
1580456977595 0.46153846 12
1580456977656 0.46153846 13
1580456977719 0.6923077 14
1580456977782 0.61538464 15
1580456977845 0.61538464 16
1580456977908 0.53846157 17
1580456977970 0.46153846 18
1580456978033 0.46153846 19
1580456978096 0.53846157 20
1580456978160 0.6923077 21
1580456978224 0.61538464 22
1580456978287 0.6923077 23
1580456978349 0.7692308 24
1580456978413 0.61538464 25
1580456978477 0.6923077 26
1580456978541 0.61538464 27
1580456978605 0.3846154 28
1580456978669 0.6923077 29
