1580456976866 1.4251137971878052 0
1580456976921 1.38480544090271 1
1580456976982 1.380943775177002 2
1580456977041 1.3863781690597534 3
1580456977101 1.399937391281128 4
1580456977162 1.3465651273727417 5
1580456977224 1.3467808961868286 6
1580456977286 1.3569341897964478 7
1580456977349 1.212661623954773 8
1580456977412 1.1661391258239746 9
1580456977472 1.2074027061462402 10
1580456977534 1.1304749250411987 11
1580456977595 1.4177639484405518 12
1580456977656 1.0572655200958252 13
1580456977719 0.8724710941314697 14
1580456977782 0.8374915719032288 15
1580456977845 1.108162760734558 16
1580456977908 0.9918035268783569 17
1580456977970 1.2224466800689697 18
1580456978033 1.0276515483856201 19
1580456978096 0.950137197971344 20
1580456978160 0.8804655075073242 21
1580456978224 0.8593922853469849 22
1580456978287 0.7734499573707581 23
1580456978349 0.5413632988929749 24
1580456978413 0.826908528804779 25
1580456978477 0.8263920545578003 26
1580456978541 0.6875623464584351 27
1580456978605 1.0876476764678955 28
1580456978669 0.9312997460365295 29
