1580398862632 0.15384616 0
1580398862684 0.3846154 1
1580398862742 0.46153846 2
1580398862802 0.30769232 3
1580398862859 0.53846157 4
1580398862918 0.15384616 5
1580398862976 0.3846154 6
1580398863034 0.3846154 7
1580398863092 0.46153846 8
1580398863150 0.6923077 9
1580398863210 0.53846157 10
1580398863270 0.53846157 11
1580398863328 0.3846154 12
1580398863386 0.23076923 13
1580398863444 0.6923077 14
1580398863502 0.53846157 15
1580398863560 0.46153846 16
1580398863618 0.46153846 17
1580398863677 0.61538464 18
1580398863735 0.6923077 19
1580398863793 0.46153846 20
1580398863852 0.61538464 21
1580398863910 0.61538464 22
1580398863968 0.61538464 23
1580398864026 0.7692308 24
1580398864087 0.53846157 25
1580398864147 0.53846157 26
1580398864208 0.46153846 27
1580398864269 0.53846157 28
1580398864328 0.84615386 29
