1580398862632 1.41627037525177 0
1580398862684 1.366102695465088 1
1580398862742 1.3250237703323364 2
1580398862802 1.442009449005127 3
1580398862859 1.2218873500823975 4
1580398862918 1.4196045398712158 5
1580398862976 1.3243311643600464 6
1580398863034 1.3282991647720337 7
1580398863092 1.2246488332748413 8
1580398863150 1.0708591938018799 9
1580398863210 1.1124567985534668 10
1580398863270 1.111307978630066 11
1580398863328 1.0968976020812988 12
1580398863386 1.3359754085540771 13
1580398863444 0.9718552827835083 14
1580398863502 0.9710198640823364 15
1580398863560 1.2103075981140137 16
1580398863618 1.0782508850097656 17
1580398863677 0.8685405254364014 18
1580398863735 0.5820470452308655 19
1580398863793 0.9364054203033447 20
1580398863852 0.8379801511764526 21
1580398863910 0.7723098397254944 22
1580398863968 0.916039228439331 23
1580398864026 0.547838568687439 24
1580398864087 0.6440317630767822 25
1580398864147 0.9878866672515869 26
1580398864208 0.8812274932861328 27
1580398864269 0.8270289897918701 28
1580398864328 0.8060894012451172 29
