1580398732938 0.15384616 0
1580398732987 0.07692308 1
1580398733042 0.23076923 2
1580398733098 0.23076923 3
1580398733155 0.30769232 4
1580398733210 0.23076923 5
1580398733266 0.30769232 6
1580398733321 0.46153846 7
1580398733379 0.46153846 8
1580398733436 0.30769232 9
1580398733493 0.3846154 10
1580398733550 0.53846157 11
1580398733607 0.30769232 12
1580398733661 0.3846154 13
1580398733718 0.3846154 14
1580398733774 0.3846154 15
1580398733830 0.30769232 16
1580398733886 0.46153846 17
1580398733943 0.46153846 18
1580398733998 0.30769232 19
1580398734054 0.3846154 20
1580398734110 0.30769232 21
1580398734166 0.3846154 22
1580398734221 0.46153846 23
1580398734278 0.53846157 24
1580398734335 0.30769232 25
1580398734392 0.23076923 26
1580398734450 0.30769232 27
1580398734506 0.23076923 28
1580398734564 0.30769232 29
