1580398732938 1.4225311279296875 0
1580398732987 90.27629852294922 1
1580398733042 5.7387003898620605 2
1580398733098 22.740571975708008 3
1580398733155 2.465728521347046 4
1580398733210 1.529112458229065 5
1580398733266 1.3500574827194214 6
1580398733321 1.193199634552002 7
1580398733379 1.1483138799667358 8
1580398733436 1.4115225076675415 9
1580398733493 1.2418458461761475 10
1580398733550 1.0370352268218994 11
1580398733607 1.4904570579528809 12
1580398733661 1.3147107362747192 13
1580398733718 1.2415097951889038 14
1580398733774 1.2664903402328491 15
1580398733830 1.3496248722076416 16
1580398733886 1.1468337774276733 17
1580398733943 1.3405559062957764 18
1580398733998 1.3796257972717285 19
1580398734054 1.2676702737808228 20
1580398734110 1.4045199155807495 21
1580398734166 1.2972458600997925 22
1580398734221 1.1205796003341675 23
1580398734278 1.112311840057373 24
1580398734335 1.7584996223449707 25
1580398734392 1.5110905170440674 26
1580398734450 1.4033887386322021 27
1580398734506 1.396081805229187 28
1580398734564 1.3978511095046997 29
