1580398574742 0.30769232 0
1580398574791 0.30769232 1
1580398574843 0.3846154 2
1580398574896 0.30769232 3
1580398574949 0.53846157 4
1580398575002 0.53846157 5
1580398575055 0.61538464 6
1580398575106 0.53846157 7
1580398575158 0.30769232 8
1580398575209 0.61538464 9
1580398575260 0.61538464 10
1580398575312 0.6923077 11
1580398575364 0.61538464 12
1580398575415 0.6923077 13
1580398575466 0.53846157 14
1580398575518 0.61538464 15
1580398575570 0.61538464 16
1580398575623 0.6923077 17
1580398575675 0.84615386 18
1580398575727 0.53846157 19
1580398575780 0.84615386 20
1580398575832 0.6923077 21
1580398575884 0.6923077 22
1580398575936 0.84615386 23
1580398575988 0.7692308 24
1580398576040 0.84615386 25
1580398576092 0.7692308 26
1580398576145 0.53846157 27
1580398576197 0.9230769 28
1580398576250 0.84615386 29
