1580398574742 1.383422613143921 0
1580398574791 1.3543204069137573 1
1580398574843 1.3348077535629272 2
1580398574896 1.4056493043899536 3
1580398574949 1.2138855457305908 4
1580398575002 1.2425669431686401 5
1580398575055 1.1060951948165894 6
1580398575106 1.1733672618865967 7
1580398575158 1.1710572242736816 8
1580398575209 0.8887424468994141 9
1580398575260 0.9083923697471619 10
1580398575312 0.900115430355072 11
1580398575364 1.03645658493042 12
1580398575415 0.9240149855613708 13
1580398575466 0.8200492858886719 14
1580398575518 0.7857760190963745 15
1580398575570 0.866708517074585 16
1580398575623 0.8557659983634949 17
1580398575675 0.5837110877037048 18
1580398575727 0.8747068643569946 19
1580398575780 0.5854955315589905 20
1580398575832 0.5989453792572021 21
1580398575884 0.5361289381980896 22
1580398575936 0.4312177896499634 23
1580398575988 0.4228510856628418 24
1580398576040 0.5019881129264832 25
1580398576092 0.7642427682876587 26
1580398576145 0.9234882593154907 27
1580398576197 0.5457003712654114 28
1580398576250 0.30777180194854736 29
