1580398595078 0.3846154 0
1580398595124 0.46153846 1
1580398595176 0.30769232 2
1580398595229 0.46153846 3
1580398595280 0.15384616 4
1580398595333 0.61538464 5
1580398595387 0.46153846 6
1580398595439 0.53846157 7
1580398595491 0.46153846 8
1580398595543 0.61538464 9
1580398595596 0.6923077 10
1580398595648 0.7692308 11
1580398595702 0.7692308 12
1580398595755 0.6923077 13
1580398595809 0.84615386 14
1580398595863 0.84615386 15
1580398595916 0.6923077 16
1580398595968 0.9230769 17
1580398596021 0.7692308 18
1580398596074 0.61538464 19
1580398596126 0.6923077 20
1580398596179 0.7692308 21
1580398596232 0.7692308 22
1580398596284 0.6923077 23
1580398596338 0.6923077 24
1580398596390 0.6923077 25
1580398596444 0.7692308 26
1580398596496 0.61538464 27
1580398596549 0.6923077 28
1580398596604 0.7692308 29
