1580398595078 1.3774008750915527 0
1580398595124 56.97960662841797 1
1580398595176 87.47575378417969 2
1580398595229 77.53889465332031 3
1580398595280 36.084651947021484 4
1580398595333 24.795413970947266 5
1580398595387 5.931856632232666 6
1580398595439 2.0035486221313477 7
1580398595491 1.250132441520691 8
1580398595543 0.8916149139404297 9
1580398595596 0.5382548570632935 10
1580398595648 0.475211501121521 11
1580398595702 0.4995325207710266 12
1580398595755 0.7550451755523682 13
1580398595809 0.5352827906608582 14
1580398595863 0.44712990522384644 15
1580398595916 0.3885054886341095 16
1580398595968 0.24608372151851654 17
1580398596021 0.6633790135383606 18
1580398596074 0.9665860533714294 19
1580398596126 0.7520824670791626 20
1580398596179 0.4504804015159607 21
1580398596232 0.5621703267097473 22
1580398596284 0.824398398399353 23
1580398596338 0.6882454752922058 24
1580398596390 0.6652469038963318 25
1580398596444 0.553462564945221 26
1580398596496 0.6116657853126526 27
1580398596549 0.4896243214607239 28
1580398596604 0.4265838861465454 29
