1580456960526 0.30769232 0
1580456960583 0.3846154 1
1580456960645 0.15384616 2
1580456960705 0.30769232 3
1580456960767 0.3846154 4
1580456960830 0.53846157 5
1580456960890 0.3846154 6
1580456960951 0.53846157 7
1580456961013 0.61538464 8
1580456961076 0.3846154 9
1580456961139 0.61538464 10
1580456961201 0.61538464 11
1580456961263 0.3846154 12
1580456961326 0.30769232 13
1580456961388 0.30769232 14
1580456961448 0.7692308 15
1580456961510 0.6923077 16
1580456961571 0.61538464 17
1580456961632 0.53846157 18
1580456961692 0.9230769 19
1580456961754 0.53846157 20
1580456961818 0.7692308 21
1580456961881 0.6923077 22
1580456961942 0.7692308 23
1580456962003 0.6923077 24
1580456962066 0.61538464 25
1580456962130 0.7692308 26
1580456962193 0.61538464 27
1580456962258 0.46153846 28
1580456962356 0.53846157 29
