1580456960526 1.3660204410552979 0
1580456960583 1.3421434164047241 1
1580456960645 1.4304225444793701 2
1580456960705 1.153098225593567 3
1580456960767 1.276167392730713 4
1580456960830 1.0795819759368896 5
1580456960890 1.5220417976379395 6
1580456960951 1.2230874300003052 7
1580456961013 1.0870646238327026 8
1580456961076 1.2515666484832764 9
1580456961139 0.9637707471847534 10
1580456961201 0.9625293016433716 11
1580456961263 1.3016389608383179 12
1580456961326 1.3022654056549072 13
1580456961388 1.1517912149429321 14
1580456961448 0.8325353860855103 15
1580456961510 0.9295384883880615 16
1580456961571 0.9578904509544373 17
1580456961632 0.7397754192352295 18
1580456961692 0.5971168875694275 19
1580456961754 1.1175925731658936 20
1580456961818 0.5649193525314331 21
1580456961881 0.7740493416786194 22
1580456961942 0.6366294622421265 23
1580456962003 0.7018001079559326 24
1580456962066 0.808144211769104 25
1580456962130 0.7518317699432373 26
1580456962193 0.7457500696182251 27
1580456962258 1.0161373615264893 28
1580456962356 0.7309402227401733 29
