1580398601116 0.30769232 0
1580398601164 0.30769232 1
1580398601216 0.3846154 2
1580398601270 0.46153846 3
1580398601323 0.30769232 4
1580398601376 0.30769232 5
1580398601430 0.30769232 6
1580398601483 0.53846157 7
1580398601538 0.46153846 8
1580398601591 0.53846157 9
1580398601645 0.46153846 10
1580398601699 0.61538464 11
1580398601753 0.53846157 12
1580398601805 0.53846157 13
1580398601857 0.7692308 14
1580398601909 0.61538464 15
1580398601962 0.61538464 16
1580398602016 0.61538464 17
1580398602070 0.61538464 18
1580398602124 0.61538464 19
1580398602178 0.84615386 20
1580398602232 1.0 21
1580398602286 0.53846157 22
1580398602342 0.6923077 23
1580398602395 0.61538464 24
1580398602448 0.6923077 25
1580398602501 0.84615386 26
1580398602554 0.6923077 27
1580398602607 0.7692308 28
1580398602660 0.6923077 29
