1580398601116 1.3521265983581543 0
1580398601164 1.415636658668518 1
1580398601216 1.327639102935791 2
1580398601270 1.304431438446045 3
1580398601323 1.3272477388381958 4
1580398601376 1.3057492971420288 5
1580398601430 1.2646687030792236 6
1580398601483 1.2448585033416748 7
1580398601538 1.2142746448516846 8
1580398601591 1.1526658535003662 9
1580398601645 1.1292442083358765 10
1580398601699 1.1167504787445068 11
1580398601753 1.0748530626296997 12
1580398601805 1.14915132522583 13
1580398601857 0.8765137791633606 14
1580398601909 0.9302764534950256 15
1580398601962 0.9803860187530518 16
1580398602016 0.9590142369270325 17
1580398602070 0.8329886198043823 18
1580398602124 0.9963706135749817 19
1580398602178 0.7325299978256226 20
1580398602232 0.565415620803833 21
1580398602286 0.9525325298309326 22
1580398602342 0.66856449842453 23
1580398602395 0.664273202419281 24
1580398602448 0.6954460144042969 25
1580398602501 0.5910558104515076 26
1580398602554 0.7579380869865417 27
1580398602607 0.5551297664642334 28
1580398602660 0.6586240530014038 29
