1580398821352 0.15384616 0
1580398821403 0.3846154 1
1580398821459 0.3846154 2
1580398821515 0.46153846 3
1580398821571 0.3846154 4
1580398821628 0.3846154 5
1580398821685 0.30769232 6
1580398821742 0.30769232 7
1580398821799 0.3846154 8
1580398821856 0.61538464 9
1580398821913 0.6923077 10
1580398821970 0.3846154 11
1580398822027 0.30769232 12
1580398822084 0.46153846 13
1580398822141 0.46153846 14
1580398822198 0.3846154 15
1580398822255 0.6923077 16
1580398822312 0.9230769 17
1580398822370 0.61538464 18
1580398822427 0.7692308 19
1580398822484 0.53846157 20
1580398822542 0.61538464 21
1580398822599 0.84615386 22
1580398822656 0.84615386 23
1580398822714 0.6923077 24
1580398822777 0.6923077 25
1580398822835 0.84615386 26
1580398822893 0.84615386 27
1580398822950 0.84615386 28
1580398823008 0.84615386 29
