1580398821352 1.374813199043274 0
1580398821403 1.3407294750213623 1
1580398821459 1.3098806142807007 2
1580398821515 1.3516614437103271 3
1580398821571 1.3449788093566895 4
1580398821628 1.3302370309829712 5
1580398821685 1.2923483848571777 6
1580398821742 1.3742707967758179 7
1580398821799 1.2513740062713623 8
1580398821856 1.118180751800537 9
1580398821913 1.1258933544158936 10
1580398821970 1.140675663948059 11
1580398822027 1.3275630474090576 12
1580398822084 1.0302406549453735 13
1580398822141 0.9466555714607239 14
1580398822198 1.0612126588821411 15
1580398822255 0.8533636927604675 16
1580398822312 0.7080525159835815 17
1580398822370 1.0291571617126465 18
1580398822427 0.6681064367294312 19
1580398822484 0.858643114566803 20
1580398822542 0.7591623067855835 21
1580398822599 0.5420021414756775 22
1580398822656 0.5506948828697205 23
1580398822714 0.6165721416473389 24
1580398822777 0.598406195640564 25
1580398822835 0.6991158723831177 26
1580398822893 0.4343811273574829 27
1580398822950 0.3070330023765564 28
1580398823008 0.5554095506668091 29
