1580457019726 0.23076923 0
1580457019785 0.3846154 1
1580457019849 0.07692308 2
1580457019912 0.3846154 3
1580457019976 0.23076923 4
1580457020039 0.3846154 5
1580457020103 0.7692308 6
1580457020168 0.30769232 7
1580457020233 0.7692308 8
1580457020298 0.61538464 9
1580457020363 0.53846157 10
1580457020427 0.23076923 11
1580457020492 0.7692308 12
1580457020556 0.7692308 13
1580457020620 0.7692308 14
1580457020683 0.84615386 15
1580457020744 0.7692308 16
1580457020809 0.6923077 17
1580457020873 0.6923077 18
1580457020937 0.6923077 19
1580457021000 0.61538464 20
1580457021064 0.84615386 21
1580457021128 0.53846157 22
1580457021192 0.7692308 23
1580457021256 0.61538464 24
1580457021319 0.84615386 25
1580457021384 0.6923077 26
1580457021448 1.0 27
1580457021512 0.7692308 28
1580457021577 0.84615386 29
