1580457019726 1.3454171419143677 0
1580457019785 117.19547271728516 1
1580457019849 198.21279907226562 2
1580457019912 119.47288513183594 3
1580457019976 117.09286499023438 4
1580457020039 93.66227722167969 5
1580457020103 16.95726203918457 6
1580457020168 19.124807357788086 7
1580457020233 1.385923147201538 8
1580457020298 2.8214428424835205 9
1580457020363 13.423430442810059 10
1580457020427 22.030845642089844 11
1580457020492 1.5817691087722778 12
1580457020556 0.721271812915802 13
1580457020620 0.7177069187164307 14
1580457020683 3.074381113052368 15
1580457020744 1.4971238374710083 16
1580457020809 0.8229624629020691 17
1580457020873 1.2811336517333984 18
1580457020937 0.5788995027542114 19
1580457021000 1.7919942140579224 20
1580457021064 0.5920647978782654 21
1580457021128 3.096339225769043 22
1580457021192 0.5823545455932617 23
1580457021256 1.9153921604156494 24
1580457021319 0.986663281917572 25
1580457021384 1.0512959957122803 26
1580457021448 0.13644923269748688 27
1580457021512 0.7820221781730652 28
1580457021577 0.2934951186180115 29
