1580398516540 0.15384616 0
1580398516586 0.15384616 1
1580398516636 0.46153846 2
1580398516686 0.3846154 3
1580398516735 0.23076923 4
1580398516786 0.61538464 5
1580398516836 0.61538464 6
1580398516885 0.61538464 7
1580398516935 0.61538464 8
1580398516988 0.46153846 9
1580398517038 0.46153846 10
1580398517088 0.53846157 11
1580398517140 0.53846157 12
1580398517192 0.46153846 13
1580398517244 0.46153846 14
1580398517295 0.30769232 15
1580398517347 0.53846157 16
1580398517398 0.46153846 17
1580398517450 0.61538464 18
1580398517502 0.3846154 19
1580398517552 0.53846157 20
1580398517602 0.61538464 21
1580398517652 0.53846157 22
1580398517705 0.6923077 23
1580398517758 0.6923077 24
1580398517810 0.53846157 25
1580398517862 0.53846157 26
1580398517914 0.3846154 27
1580398517967 0.46153846 28
1580398518019 0.46153846 29
