1580398516540 1.4048957824707031 0
1580398516586 18.062416076660156 1
1580398516636 2.5156326293945312 2
1580398516686 6.378443717956543 3
1580398516735 6.964798927307129 4
1580398516786 1.3409671783447266 5
1580398516836 1.069945216178894 6
1580398516885 1.0807843208312988 7
1580398516935 0.9862528443336487 8
1580398516988 1.0537842512130737 9
1580398517038 1.0104777812957764 10
1580398517088 1.014855146408081 11
1580398517140 0.9664547443389893 12
1580398517192 1.0358936786651611 13
1580398517244 1.105049967765808 14
1580398517295 1.4576753377914429 15
1580398517347 1.0055973529815674 16
1580398517398 0.8625898361206055 17
1580398517450 0.8517710566520691 18
1580398517502 0.8020657896995544 19
1580398517552 0.9369786977767944 20
1580398517602 0.6966095566749573 21
1580398517652 0.8630748391151428 22
1580398517705 0.8005380630493164 23
1580398517758 0.8656377196311951 24
1580398517810 0.949430525302887 25
1580398517862 1.0278913974761963 26
1580398517914 0.7935866117477417 27
1580398517967 1.1038371324539185 28
1580398518019 1.115478277206421 29
