1580398545661 0.30769232 0
1580398545706 0.3846154 1
1580398545756 0.46153846 2
1580398545807 0.30769232 3
1580398545858 0.6923077 4
1580398545908 0.30769232 5
1580398545959 0.46153846 6
1580398546009 0.30769232 7
1580398546060 0.23076923 8
1580398546110 0.53846157 9
1580398546160 0.46153846 10
1580398546211 0.46153846 11
1580398546263 0.53846157 12
1580398546314 0.30769232 13
1580398546365 0.3846154 14
1580398546416 0.46153846 15
1580398546467 0.6923077 16
1580398546518 0.7692308 17
1580398546568 0.53846157 18
1580398546620 0.7692308 19
1580398546671 0.3846154 20
1580398546722 0.61538464 21
1580398546773 0.53846157 22
1580398546825 0.46153846 23
1580398546877 0.46153846 24
1580398546928 0.46153846 25
1580398546979 0.53846157 26
1580398547030 0.61538464 27
1580398547083 0.6923077 28
1580398547134 0.61538464 29
