1580398545661 1.3368409872055054 0
1580398545706 1.3582714796066284 1
1580398545756 1.3604826927185059 2
1580398545807 1.3671317100524902 3
1580398545858 1.2993906736373901 4
1580398545908 1.3426513671875 5
1580398545959 1.3288702964782715 6
1580398546009 1.3175506591796875 7
1580398546060 1.302619457244873 8
1580398546110 1.235065221786499 9
1580398546160 1.2819888591766357 10
1580398546211 1.2928715944290161 11
1580398546263 1.2186834812164307 12
1580398546314 1.2588437795639038 13
1580398546365 1.257796049118042 14
1580398546416 1.3275818824768066 15
1580398546467 1.0490609407424927 16
1580398546518 1.1403660774230957 17
1580398546568 1.112363576889038 18
1580398546620 1.031284213066101 19
1580398546671 1.2775459289550781 20
1580398546722 1.084535837173462 21
1580398546773 1.054250955581665 22
1580398546825 1.044472575187683 23
1580398546877 1.1110316514968872 24
1580398546928 1.0986711978912354 25
1580398546979 1.0663985013961792 26
1580398547030 1.0770882368087769 27
1580398547083 0.8433790802955627 28
1580398547134 0.8860310912132263 29
