1580398533055 0.07692308 0
1580398533099 0.3846154 1
1580398533148 0.15384616 2
1580398533198 0.46153846 3
1580398533247 0.46153846 4
1580398533299 0.61538464 5
1580398533348 0.23076923 6
1580398533398 0.15384616 7
1580398533449 0.30769232 8
1580398533500 0.53846157 9
1580398533552 0.23076923 10
1580398533604 0.46153846 11
1580398533656 0.61538464 12
1580398533707 0.3846154 13
1580398533759 0.3846154 14
1580398533809 0.61538464 15
1580398533859 0.53846157 16
1580398533911 0.46153846 17
1580398533962 0.46153846 18
1580398534013 0.53846157 19
1580398534064 0.3846154 20
1580398534115 0.46153846 21
1580398534167 0.46153846 22
1580398534220 0.46153846 23
1580398534273 0.53846157 24
1580398534325 0.46153846 25
1580398534377 0.6923077 26
1580398534430 0.46153846 27
1580398534481 0.3846154 28
1580398534533 0.6923077 29
