1580398533055 1.4685636758804321 0
1580398533099 1.364724040031433 1
1580398533148 1.374989628791809 2
1580398533198 1.365654468536377 3
1580398533247 1.3842167854309082 4
1580398533299 1.3199082612991333 5
1580398533348 1.3814767599105835 6
1580398533398 1.377003788948059 7
1580398533449 1.3531244993209839 8
1580398533500 1.3227685689926147 9
1580398533552 1.3685710430145264 10
1580398533604 1.3355263471603394 11
1580398533656 1.289815068244934 12
1580398533707 1.365098237991333 13
1580398533759 1.3168861865997314 14
1580398533809 1.2810122966766357 15
1580398533859 1.2731684446334839 16
1580398533911 1.2860993146896362 17
1580398533962 1.3295114040374756 18
1580398534013 1.3030847311019897 19
1580398534064 1.2956836223602295 20
1580398534115 1.2866915464401245 21
1580398534167 1.2985581159591675 22
1580398534220 1.2963776588439941 23
1580398534273 1.251617193222046 24
1580398534325 1.263558268547058 25
1580398534377 1.210081696510315 26
1580398534430 1.261311411857605 27
1580398534481 1.3028647899627686 28
1580398534533 1.2087048292160034 29
