1580398867092 0.23076923 0
1580398867151 0.15384616 1
1580398867209 0.3846154 2
1580398867270 0.3846154 3
1580398867331 0.30769232 4
1580398867391 0.30769232 5
1580398867449 0.3846154 6
1580398867514 0.30769232 7
1580398867574 0.30769232 8
1580398867634 0.30769232 9
1580398867695 0.3846154 10
1580398867755 0.46153846 11
1580398867815 0.30769232 12
1580398867874 0.3846154 13
1580398867932 0.3846154 14
1580398867992 0.3846154 15
1580398868051 0.46153846 16
1580398868109 0.23076923 17
1580398868168 0.46153846 18
1580398868226 0.3846154 19
1580398868285 0.3846154 20
1580398868343 0.61538464 21
1580398868402 0.46153846 22
1580398868460 0.46153846 23
1580398868519 0.46153846 24
1580398868577 0.53846157 25
1580398868635 0.3846154 26
1580398868694 0.53846157 27
1580398868753 0.53846157 28
1580398868812 0.46153846 29
