1580398867092 1.3837345838546753 0
1580398867151 1.3910071849822998 1
1580398867209 1.3675490617752075 2
1580398867270 1.3657183647155762 3
1580398867331 1.3527764081954956 4
1580398867391 1.386659026145935 5
1580398867449 1.3406999111175537 6
1580398867514 1.3568339347839355 7
1580398867574 1.3478524684906006 8
1580398867634 1.3555400371551514 9
1580398867695 1.3412028551101685 10
1580398867755 1.3205082416534424 11
1580398867815 1.3166368007659912 12
1580398867874 1.341246247291565 13
1580398867932 1.3531733751296997 14
1580398867992 1.3004792928695679 15
1580398868051 1.2932974100112915 16
1580398868109 1.2523853778839111 17
1580398868168 1.2927674055099487 18
1580398868226 1.3490811586380005 19
1580398868285 1.2507526874542236 20
1580398868343 1.2117418050765991 21
1580398868402 1.2730695009231567 22
1580398868460 1.236205816268921 23
1580398868519 1.222474217414856 24
1580398868577 1.2574354410171509 25
1580398868635 1.3060005903244019 26
1580398868694 1.2660737037658691 27
1580398868753 1.2411983013153076 28
1580398868812 1.2306463718414307 29
