1580457116626 0.07692308 0
1580457116685 0.23076923 1
1580457116750 0.23076923 2
1580457116817 0.30769232 3
1580457116883 0.30769232 4
1580457116948 0.3846154 5
1580457117013 0.15384616 6
1580457117077 0.3846154 7
1580457117143 0.30769232 8
1580457117209 0.46153846 9
1580457117275 0.46153846 10
1580457117340 0.3846154 11
1580457117407 0.30769232 12
1580457117473 0.3846154 13
1580457117539 0.30769232 14
1580457117605 0.3846154 15
1580457117670 0.30769232 16
1580457117734 0.3846154 17
1580457117798 0.46153846 18
1580457117864 0.53846157 19
1580457117931 0.6923077 20
1580457117997 0.53846157 21
1580457118063 0.6923077 22
1580457118129 0.53846157 23
1580457118196 0.61538464 24
1580457118262 0.46153846 25
1580457118329 0.61538464 26
1580457118395 0.3846154 27
1580457118461 0.46153846 28
1580457118526 0.53846157 29
