1580457116626 1.4108624458312988 0
1580457116685 1.4384267330169678 1
1580457116750 1.3555902242660522 2
1580457116817 1.3849396705627441 3
1580457116883 1.3730283975601196 4
1580457116948 1.3842580318450928 5
1580457117013 1.3868658542633057 6
1580457117077 1.3504353761672974 7
1580457117143 1.3597943782806396 8
1580457117209 1.318520426750183 9
1580457117275 1.3753371238708496 10
1580457117340 1.3204758167266846 11
1580457117407 1.333773136138916 12
1580457117473 1.341424822807312 13
1580457117539 1.3537005186080933 14
1580457117605 1.3421483039855957 15
1580457117670 1.2758249044418335 16
1580457117734 1.273864507675171 17
1580457117798 1.264639973640442 18
1580457117864 1.2581913471221924 19
1580457117931 1.221839189529419 20
1580457117997 1.243327260017395 21
1580457118063 1.2124916315078735 22
1580457118129 1.2555676698684692 23
1580457118196 1.1846354007720947 24
1580457118262 1.2210630178451538 25
1580457118329 1.1601022481918335 26
1580457118395 1.26882803440094 27
1580457118461 1.1199724674224854 28
1580457118526 1.1834920644760132 29
