1580398839503 0.23076923 0
1580398839561 0.46153846 1
1580398839618 0.30769232 2
1580398839677 0.23076923 3
1580398839735 0.23076923 4
1580398839793 0.3846154 5
1580398839852 0.46153846 6
1580398839911 0.53846157 7
1580398839970 0.53846157 8
1580398840031 0.61538464 9
1580398840090 0.61538464 10
1580398840149 0.53846157 11
1580398840209 0.53846157 12
1580398840268 0.61538464 13
1580398840329 0.46153846 14
1580398840389 0.53846157 15
1580398840449 0.53846157 16
1580398840509 0.46153846 17
1580398840569 0.7692308 18
1580398840629 0.9230769 19
1580398840688 0.7692308 20
1580398840748 0.46153846 21
1580398840808 0.61538464 22
1580398840866 0.84615386 23
1580398840925 0.84615386 24
1580398840984 0.9230769 25
1580398841042 0.84615386 26
1580398841100 0.6923077 27
1580398841158 0.84615386 28
1580398841216 0.7692308 29
