1580398839503 1.3948439359664917 0
1580398839561 1.3795626163482666 1
1580398839618 1.2861323356628418 2
1580398839677 1.3875128030776978 3
1580398839735 1.3605436086654663 4
1580398839793 1.2774535417556763 5
1580398839852 1.1820390224456787 6
1580398839911 1.1755304336547852 7
1580398839970 1.117146372795105 8
1580398840031 1.0048748254776 9
1580398840090 0.9497141242027283 10
1580398840149 0.9737920165061951 11
1580398840209 0.8506067991256714 12
1580398840268 0.9976316094398499 13
1580398840329 1.0647335052490234 14
1580398840389 0.983370840549469 15
1580398840449 0.8816834688186646 16
1580398840509 0.9264630079269409 17
1580398840569 0.6873263120651245 18
1580398840629 0.5106396079063416 19
1580398840688 0.524787962436676 20
1580398840748 0.9202169179916382 21
1580398840808 0.7910318374633789 22
1580398840866 0.64829021692276 23
1580398840925 0.5186780691146851 24
1580398840984 0.49791786074638367 25
1580398841042 0.46020281314849854 26
1580398841100 0.5919557213783264 27
1580398841158 0.4641095697879791 28
1580398841216 0.6388378143310547 29
