1580398599083 0.15384616 0
1580398599129 0.23076923 1
1580398599180 0.30769232 2
1580398599232 0.3846154 3
1580398599285 0.46153846 4
1580398599337 0.30769232 5
1580398599390 0.3846154 6
1580398599444 0.53846157 7
1580398599496 0.30769232 8
1580398599548 0.46153846 9
1580398599600 0.3846154 10
1580398599652 0.3846154 11
1580398599705 0.46153846 12
1580398599759 0.23076923 13
1580398599811 0.53846157 14
1580398599864 0.7692308 15
1580398599916 0.61538464 16
1580398599971 0.61538464 17
1580398600025 0.6923077 18
1580398600080 0.6923077 19
1580398600133 0.61538464 20
1580398600187 0.84615386 21
1580398600242 0.7692308 22
1580398600298 0.6923077 23
1580398600353 0.7692308 24
1580398600408 0.9230769 25
1580398600463 0.6923077 26
1580398600518 0.61538464 27
1580398600573 0.7692308 28
1580398600628 0.84615386 29
