1580398599083 1.4003307819366455 0
1580398599129 1.3779070377349854 1
1580398599180 1.3802807331085205 2
1580398599232 1.3802748918533325 3
1580398599285 1.3193869590759277 4
1580398599337 1.3359172344207764 5
1580398599390 1.3330636024475098 6
1580398599444 1.3047187328338623 7
1580398599496 1.3093197345733643 8
1580398599548 1.2779024839401245 9
1580398599600 1.2158533334732056 10
1580398599652 1.3613865375518799 11
1580398599705 1.2311649322509766 12
1580398599759 1.3064308166503906 13
1580398599811 1.0790396928787231 14
1580398599864 1.0546025037765503 15
1580398599916 0.9410241842269897 16
1580398599971 1.0290272235870361 17
1580398600025 0.9703319072723389 18
1580398600080 0.9190966486930847 19
1580398600133 0.8860479593276978 20
1580398600187 0.9000953435897827 21
1580398600242 0.7750580906867981 22
1580398600298 0.8464327454566956 23
1580398600353 0.775662362575531 24
1580398600408 0.5809347033500671 25
1580398600463 0.7099406719207764 26
1580398600518 0.904365599155426 27
1580398600573 0.6310528516769409 28
1580398600628 0.6478158235549927 29
