1580393985946 0.07692308 0
1580393985993 0.23076923 1
1580393986039 0.15384616 2
1580393986086 0.30769232 3
1580393986133 0.3846154 4
1580393986179 0.3846154 5
1580393986226 0.15384616 6
1580393986273 0.46153846 7
1580393986320 0.30769232 8
1580393986370 0.07692308 9
1580393986418 0.3846154 10
1580393986465 0.15384616 11
1580393986540 0.3846154 12
1580393986609 0.53846157 13
1580393986679 0.46153846 14
1580393986754 0.46153846 15
1580393986823 0.53846157 16
1580393986892 0.53846157 17
1580393986962 0.30769232 18
1580393987031 0.3846154 19
1580393987100 0.3846154 20
1580393987168 0.30769232 21
1580393987237 0.23076923 22
1580393987306 0.3846154 23
1580393987375 0.53846157 24
1580393987444 0.53846157 25
1580393987514 0.3846154 26
1580393987584 0.3846154 27
1580393987654 0.30769232 28
1580393987726 0.61538464 29
