1580393985946 1.5326253175735474 0
1580393985993 1.3689115047454834 1
1580393986039 1.4490069150924683 2
1580393986086 1.3932607173919678 3
1580393986133 1.3886444568634033 4
1580393986179 1.3905048370361328 5
1580393986226 1.4045106172561646 6
1580393986273 1.4094117879867554 7
1580393986320 1.4040663242340088 8
1580393986370 1.5179704427719116 9
1580393986418 1.3267428874969482 10
1580393986465 1.3802460432052612 11
1580393986540 1.3649107217788696 12
1580393986609 1.357764482498169 13
1580393986679 1.3255481719970703 14
1580393986754 1.3360915184020996 15
1580393986823 1.3118256330490112 16
1580393986892 1.325234055519104 17
1580393986962 1.407352328300476 18
1580393987031 1.2766304016113281 19
1580393987100 1.323040246963501 20
1580393987168 1.4316010475158691 21
1580393987237 1.4048559665679932 22
1580393987306 1.326383352279663 23
1580393987375 1.3036420345306396 24
1580393987444 1.2954201698303223 25
1580393987514 1.3338038921356201 26
1580393987584 1.3550394773483276 27
1580393987654 1.3462517261505127 28
1580393987726 1.2751535177230835 29
