1580398488664 0.23076923 0
1580398488708 0.23076923 1
1580398488758 0.07692308 2
1580398488808 0.46153846 3
1580398488857 0.30769232 4
1580398488907 0.23076923 5
1580398488956 0.30769232 6
1580398489006 0.46153846 7
1580398489055 0.46153846 8
1580398489105 0.3846154 9
1580398489155 0.46153846 10
1580398489205 0.46153846 11
1580398489255 0.30769232 12
1580398489304 0.46153846 13
1580398489354 0.3846154 14
1580398489405 0.6923077 15
1580398489455 0.46153846 16
1580398489505 0.61538464 17
1580398489555 0.61538464 18
1580398489605 0.53846157 19
1580398489654 0.53846157 20
1580398489704 0.53846157 21
1580398489755 0.61538464 22
1580398489805 0.7692308 23
1580398489855 0.61538464 24
1580398489905 0.6923077 25
1580398489955 0.6923077 26
1580398490006 0.6923077 27
1580398490056 0.84615386 28
1580398490108 0.61538464 29
