1580398488664 1.4081374406814575 0
1580398488708 1.4109488725662231 1
1580398488758 1.4152922630310059 2
1580398488808 1.3721415996551514 3
1580398488857 1.3282368183135986 4
1580398488907 1.370174527168274 5
1580398488956 1.3152375221252441 6
1580398489006 1.3472914695739746 7
1580398489055 1.3104525804519653 8
1580398489105 1.3301985263824463 9
1580398489155 1.2682569026947021 10
1580398489205 1.2442660331726074 11
1580398489255 1.3293031454086304 12
1580398489304 1.259879231452942 13
1580398489354 1.2658538818359375 14
1580398489405 1.106268286705017 15
1580398489455 1.217947006225586 16
1580398489505 1.199719786643982 17
1580398489555 1.2094569206237793 18
1580398489605 1.0935230255126953 19
1580398489654 1.1194531917572021 20
1580398489704 1.1231515407562256 21
1580398489755 0.9258241057395935 22
1580398489805 1.0316270589828491 23
1580398489855 1.0174134969711304 24
1580398489905 0.9374275803565979 25
1580398489955 0.8871799111366272 26
1580398490006 0.906304121017456 27
1580398490056 0.7092644572257996 28
1580398490108 0.7906208634376526 29
