1580398763673 0.15384616 0
1580398763729 0.30769232 1
1580398763785 0.30769232 2
1580398763842 0.46153846 3
1580398763898 0.23076923 4
1580398763955 0.15384616 5
1580398764011 0.3846154 6
1580398764068 0.6923077 7
1580398764124 0.3846154 8
1580398764181 0.53846157 9
1580398764240 0.53846157 10
1580398764298 0.61538464 11
1580398764356 0.46153846 12
1580398764412 0.61538464 13
1580398764470 0.3846154 14
1580398764526 0.6923077 15
1580398764583 0.6923077 16
1580398764639 0.84615386 17
1580398764695 0.61538464 18
1580398764755 0.61538464 19
1580398764814 0.7692308 20
1580398764905 0.6923077 21
1580398764992 0.7692308 22
1580398765079 0.9230769 23
1580398765166 0.84615386 24
1580398765253 0.7692308 25
1580398765340 1.0 26
1580398765427 0.9230769 27
1580398765514 0.84615386 28
1580398765603 0.7692308 29
