1580398763673 1.3385707139968872 0
1580398763729 1.3348139524459839 1
1580398763785 1.3255817890167236 2
1580398763842 1.2386856079101562 3
1580398763898 1.4019513130187988 4
1580398763955 1.4007445573806763 5
1580398764011 1.308037519454956 6
1580398764068 1.03763747215271 7
1580398764124 1.0620534420013428 8
1580398764181 1.1867061853408813 9
1580398764240 1.0967514514923096 10
1580398764298 1.0198805332183838 11
1580398764356 1.0389498472213745 12
1580398764412 0.8627920746803284 13
1580398764470 1.1401448249816895 14
1580398764526 0.9252697825431824 15
1580398764583 0.7718706727027893 16
1580398764639 0.5885940194129944 17
1580398764695 0.7144932150840759 18
1580398764755 0.7559524178504944 19
1580398764814 0.7184576392173767 20
1580398764905 0.5090537667274475 21
1580398764992 0.540954053401947 22
1580398765079 0.28434041142463684 23
1580398765166 0.5907860398292542 24
1580398765253 0.6147034168243408 25
1580398765340 0.19780801236629486 26
1580398765427 0.2826017141342163 27
1580398765514 0.5343411564826965 28
1580398765603 0.6257877349853516 29
