1580457131332 0.15384616 0
1580457131393 0.3846154 1
1580457131459 0.46153846 2
1580457131526 0.30769232 3
1580457131591 0.30769232 4
1580457131657 0.46153846 5
1580457131725 0.30769232 6
1580457131791 0.46153846 7
1580457131857 0.84615386 8
1580457131921 0.46153846 9
1580457131988 0.7692308 10
1580457132055 0.7692308 11
1580457132121 0.84615386 12
1580457132189 0.84615386 13
1580457132255 0.9230769 14
1580457132321 0.7692308 15
1580457132388 0.7692308 16
1580457132455 0.84615386 17
1580457132523 0.7692308 18
1580457132591 0.7692308 19
1580457132658 0.6923077 20
1580457132726 0.61538464 21
1580457132792 0.9230769 22
1580457132858 0.9230769 23
1580457132925 0.84615386 24
1580457132993 0.84615386 25
1580457133061 0.84615386 26
1580457133128 0.6923077 27
1580457133196 0.6923077 28
1580457133264 0.53846157 29
