1580457131332 1.4184510707855225 0
1580457131393 19.346717834472656 1
1580457131459 29.702138900756836 2
1580457131526 6.1232781410217285 3
1580457131591 2.8298275470733643 4
1580457131657 1.7756917476654053 5
1580457131725 3.314523458480835 6
1580457131791 1.067841649055481 7
1580457131857 0.7384918928146362 8
1580457131921 1.0572987794876099 9
1580457131988 0.8039776682853699 10
1580457132055 0.7409628629684448 11
1580457132121 0.5839949250221252 12
1580457132189 0.49626147747039795 13
1580457132255 0.3996086120605469 14
1580457132321 0.6875085234642029 15
1580457132388 0.6230875253677368 16
1580457132455 0.5008483529090881 17
1580457132523 0.6063187122344971 18
1580457132591 0.6923186779022217 19
1580457132658 0.7349992394447327 20
1580457132726 0.7448984980583191 21
1580457132792 0.31579336524009705 22
1580457132858 0.27857717871665955 23
1580457132925 0.5307808518409729 24
1580457132993 0.4465583562850952 25
1580457133061 0.4317237138748169 26
1580457133128 0.7677748799324036 27
1580457133196 0.5706474184989929 28
1580457133264 0.7514848113059998 29
