1580398607388 0.15384616 0
1580398607434 0.46153846 1
1580398607486 0.3846154 2
1580398607539 0.3846154 3
1580398607590 0.23076923 4
1580398607642 0.61538464 5
1580398607693 0.3846154 6
1580398607746 0.6923077 7
1580398607798 0.6923077 8
1580398607850 0.30769232 9
1580398607902 0.46153846 10
1580398607955 0.53846157 11
1580398608012 0.46153846 12
1580398608064 0.3846154 13
1580398608116 0.3846154 14
1580398608169 0.46153846 15
1580398608221 0.61538464 16
1580398608274 0.7692308 17
1580398608326 0.61538464 18
1580398608379 0.61538464 19
1580398608432 0.61538464 20
1580398608485 0.46153846 21
1580398608539 0.61538464 22
1580398608591 0.7692308 23
1580398608644 0.53846157 24
1580398608697 0.61538464 25
1580398608751 0.53846157 26
1580398608805 0.53846157 27
1580398608858 0.53846157 28
1580398608912 0.6923077 29
