1580398607388 1.4276752471923828 0
1580398607434 1.383830189704895 1
1580398607486 1.2699674367904663 2
1580398607539 1.3064002990722656 3
1580398607590 1.3930898904800415 4
1580398607642 1.188018560409546 5
1580398607693 1.2655127048492432 6
1580398607746 0.9586780071258545 7
1580398607798 0.89689040184021 8
1580398607850 1.414273738861084 9
1580398607902 1.1971606016159058 10
1580398607955 1.016632080078125 11
1580398608012 0.8597147464752197 12
1580398608064 0.8424829840660095 13
1580398608116 1.2307460308074951 14
1580398608169 1.0060759782791138 15
1580398608221 0.7767417430877686 16
1580398608274 0.6763006448745728 17
1580398608326 0.9290845394134521 18
1580398608379 0.7197744846343994 19
1580398608432 0.8012828826904297 20
1580398608485 1.0141187906265259 21
1580398608539 1.0382323265075684 22
1580398608591 0.6633800268173218 23
1580398608644 0.9268060922622681 24
1580398608697 0.6609917879104614 25
1580398608751 0.7950487732887268 26
1580398608805 1.0254319906234741 27
1580398608858 0.7133551239967346 28
1580398608912 0.7796103954315186 29
