1580398794591 0.07692308 0
1580398794643 0.3846154 1
1580398794701 0.23076923 2
1580398794792 0.15384616 3
1580398794877 0.3846154 4
1580398794963 0.30769232 5
1580398795049 0.3846154 6
1580398795135 0.61538464 7
1580398795221 0.3846154 8
1580398795308 0.53846157 9
1580398795394 0.6923077 10
1580398795481 0.6923077 11
1580398795567 0.53846157 12
1580398795654 0.46153846 13
1580398795740 0.3846154 14
1580398795827 0.53846157 15
1580398795914 0.6923077 16
1580398796008 0.53846157 17
1580398796097 0.6923077 18
1580398796185 0.61538464 19
1580398796272 0.61538464 20
1580398796359 0.7692308 21
1580398796450 0.61538464 22
1580398796536 0.61538464 23
1580398796624 0.9230769 24
1580398796717 0.7692308 25
1580398796806 0.84615386 26
1580398796903 0.7692308 27
1580398796994 0.6923077 28
1580398797088 0.6923077 29
