1580398794591 1.4168334007263184 0
1580398794643 520.7059936523438 1
1580398794701 1012.6304321289062 2
1580398794792 197.5111541748047 3
1580398794877 105.80807495117188 4
1580398794963 160.37904357910156 5
1580398795049 48.67557144165039 6
1580398795135 9.716083526611328 7
1580398795221 7.980449199676514 8
1580398795308 4.196533679962158 9
1580398795394 3.3376717567443848 10
1580398795481 1.882761001586914 11
1580398795567 2.223034143447876 12
1580398795654 4.178691387176514 13
1580398795740 12.434605598449707 14
1580398795827 3.5060906410217285 15
1580398795914 2.526188850402832 16
1580398796008 2.465010404586792 17
1580398796097 3.1529464721679688 18
1580398796185 0.9942399263381958 19
1580398796272 1.4316986799240112 20
1580398796359 0.46128177642822266 21
1580398796450 1.1972777843475342 22
1580398796536 1.4401177167892456 23
1580398796624 0.4431163966655731 24
1580398796717 0.5635413527488708 25
1580398796806 0.6400684118270874 26
1580398796903 0.5205585956573486 27
1580398796994 0.5746296644210815 28
1580398797088 1.0035080909729004 29
