1580398617925 0.23076923 0
1580398617973 0.3846154 1
1580398618026 0.3846154 2
1580398618080 0.30769232 3
1580398618132 0.30769232 4
1580398618184 0.53846157 5
1580398618236 0.3846154 6
1580398618290 0.53846157 7
1580398618345 0.53846157 8
1580398618397 0.53846157 9
1580398618450 0.61538464 10
1580398618503 0.53846157 11
1580398618558 0.46153846 12
1580398618612 0.7692308 13
1580398618666 0.7692308 14
1580398618720 0.61538464 15
1580398618773 0.53846157 16
1580398618827 0.7692308 17
1580398618883 0.53846157 18
1580398618936 0.46153846 19
1580398618990 0.6923077 20
1580398619043 0.61538464 21
1580398619097 0.84615386 22
1580398619150 0.84615386 23
1580398619205 0.9230769 24
1580398619259 0.84615386 25
1580398619313 0.61538464 26
1580398619369 0.7692308 27
1580398619423 1.0 28
1580398619479 0.6923077 29
