1580398617925 1.380023717880249 0
1580398617973 1.3952218294143677 1
1580398618026 1.3333925008773804 2
1580398618080 1.3007149696350098 3
1580398618132 1.2538225650787354 4
1580398618184 1.1861852407455444 5
1580398618236 1.3363412618637085 6
1580398618290 1.2517879009246826 7
1580398618345 1.0962992906570435 8
1580398618397 1.1226807832717896 9
1580398618450 1.0259555578231812 10
1580398618503 1.0805901288986206 11
1580398618558 1.0450279712677002 12
1580398618612 0.7850319147109985 13
1580398618666 0.8420637845993042 14
1580398618720 0.8531176447868347 15
1580398618773 0.8196383118629456 16
1580398618827 0.8275500535964966 17
1580398618883 0.9610128998756409 18
1580398618936 0.9137963652610779 19
1580398618990 0.7808951139450073 20
1580398619043 0.815984845161438 21
1580398619097 0.5850173234939575 22
1580398619150 0.46528980135917664 23
1580398619205 0.4231565296649933 24
1580398619259 0.48510515689849854 25
1580398619313 0.7409101724624634 26
1580398619369 0.4522002637386322 27
1580398619423 0.30339351296424866 28
1580398619479 0.5520076751708984 29
