1580457106951 0.15384616 0
1580457107012 0.30769232 1
1580457107075 0.30769232 2
1580457107140 0.3846154 3
1580457107205 0.3846154 4
1580457107268 0.30769232 5
1580457107331 0.53846157 6
1580457107395 0.23076923 7
1580457107459 0.3846154 8
1580457107525 0.53846157 9
1580457107629 0.53846157 10
1580457107725 0.53846157 11
1580457107822 0.61538464 12
1580457107919 0.84615386 13
1580457108016 0.53846157 14
1580457108113 0.61538464 15
1580457108210 0.53846157 16
1580457108308 0.6923077 17
1580457108411 0.53846157 18
1580457108509 0.6923077 19
1580457108607 0.9230769 20
1580457108705 0.7692308 21
1580457108803 0.84615386 22
1580457108901 0.84615386 23
1580457108999 0.6923077 24
1580457109097 0.61538464 25
1580457109196 0.6923077 26
1580457109295 0.61538464 27
1580457109393 0.6923077 28
1580457109491 0.6923077 29
