1580457106951 1.3716486692428589 0
1580457107012 1.3015917539596558 1
1580457107075 1.492919921875 2
1580457107140 1.3135871887207031 3
1580457107205 1.3449549674987793 4
1580457107268 1.2294917106628418 5
1580457107331 1.1606428623199463 6
1580457107395 1.1849645376205444 7
1580457107459 1.2800554037094116 8
1580457107525 1.1289318799972534 9
1580457107629 0.9093167185783386 10
1580457107725 0.9486477375030518 11
1580457107822 0.8304377198219299 12
1580457107919 0.7058448195457458 13
1580457108016 0.7542485594749451 14
1580457108113 0.8214731216430664 15
1580457108210 1.0804004669189453 16
1580457108308 0.8406397104263306 17
1580457108411 0.9651111960411072 18
1580457108509 0.5567789673805237 19
1580457108607 0.38921886682510376 20
1580457108705 0.5590944886207581 21
1580457108803 0.5559988617897034 22
1580457108901 0.3531957268714905 23
1580457108999 0.5813621878623962 24
1580457109097 0.7895585298538208 25
1580457109196 0.6863871216773987 26
1580457109295 0.9092646241188049 27
1580457109393 0.6958401203155518 28
1580457109491 0.7006774544715881 29
