1580457053136 0.3846154 0
1580457053199 0.3846154 1
1580457053264 0.3846154 2
1580457053327 0.3846154 3
1580457053392 0.3846154 4
1580457053457 0.46153846 5
1580457053521 0.30769232 6
1580457053586 0.53846157 7
1580457053651 0.46153846 8
1580457053715 0.30769232 9
1580457053780 0.53846157 10
1580457053845 0.53846157 11
1580457053911 0.7692308 12
1580457053976 0.61538464 13
1580457054044 0.61538464 14
1580457054144 0.7692308 15
1580457054239 0.61538464 16
1580457054335 0.61538464 17
1580457054431 0.7692308 18
1580457054527 0.61538464 19
1580457054623 0.9230769 20
1580457054719 0.61538464 21
1580457054815 0.84615386 22
1580457054911 0.9230769 23
1580457055008 0.84615386 24
1580457055104 0.9230769 25
1580457055201 0.84615386 26
1580457055298 0.84615386 27
1580457055395 0.7692308 28
1580457055491 0.9230769 29
