1580457053136 1.3774008750915527 0
1580457053199 1.3566333055496216 1
1580457053264 1.313690423965454 2
1580457053327 1.3844636678695679 3
1580457053392 1.3776023387908936 4
1580457053457 1.250436782836914 5
1580457053521 1.2585476636886597 6
1580457053586 1.2418315410614014 7
1580457053651 1.2511076927185059 8
1580457053715 1.3516255617141724 9
1580457053780 1.0184142589569092 10
1580457053845 1.0309549570083618 11
1580457053911 0.9742855429649353 12
1580457053976 1.012665867805481 13
1580457054044 0.861435055732727 14
1580457054144 0.8135371804237366 15
1580457054239 0.8237248659133911 16
1580457054335 0.7335994243621826 17
1580457054431 0.700545608997345 18
1580457054527 0.8056301474571228 19
1580457054623 0.6265980005264282 20
1580457054719 0.7729424238204956 21
1580457054815 0.572044312953949 22
1580457054911 0.6378859877586365 23
1580457055008 0.47922375798225403 24
1580457055104 0.4810844659805298 25
1580457055201 0.4508543610572815 26
1580457055298 0.5264788866043091 27
1580457055395 0.47761058807373047 28
1580457055491 0.37354061007499695 29
