1580398615906 0.30769232 0
1580398615959 0.30769232 1
1580398616011 0.30769232 2
1580398616063 0.30769232 3
1580398616115 0.30769232 4
1580398616167 0.30769232 5
1580398616220 0.61538464 6
1580398616273 0.23076923 7
1580398616325 0.53846157 8
1580398616378 0.53846157 9
1580398616430 0.23076923 10
1580398616483 0.53846157 11
1580398616536 0.53846157 12
1580398616588 0.46153846 13
1580398616641 0.6923077 14
1580398616696 0.3846154 15
1580398616749 0.53846157 16
1580398616802 0.53846157 17
1580398616856 0.61538464 18
1580398616910 0.53846157 19
1580398616963 0.53846157 20
1580398617017 0.61538464 21
1580398617070 0.6923077 22
1580398617123 0.84615386 23
1580398617177 0.46153846 24
1580398617230 0.6923077 25
1580398617283 0.9230769 26
1580398617337 0.84615386 27
1580398617393 0.84615386 28
1580398617447 0.84615386 29
