1580398615906 1.3730111122131348 0
1580398615959 1.3994317054748535 1
1580398616011 1.3760651350021362 2
1580398616063 1.3437684774398804 3
1580398616115 1.2379869222640991 4
1580398616167 1.4016659259796143 5
1580398616220 1.1690531969070435 6
1580398616273 1.4580402374267578 7
1580398616325 1.217185378074646 8
1580398616378 1.1017638444900513 9
1580398616430 1.5286650657653809 10
1580398616483 1.114023208618164 11
1580398616536 1.0700360536575317 12
1580398616588 1.0083317756652832 13
1580398616641 0.6950008869171143 14
1580398616696 1.0935546159744263 15
1580398616749 0.9756346940994263 16
1580398616802 0.9355904459953308 17
1580398616856 0.8022252321243286 18
1580398616910 0.8545114994049072 19
1580398616963 0.7720186710357666 20
1580398617017 0.7556145191192627 21
1580398617070 0.6655032634735107 22
1580398617123 0.5230957269668579 23
1580398617177 0.9064699411392212 24
1580398617230 0.6084346175193787 25
1580398617283 0.4453907608985901 26
1580398617337 0.43292123079299927 27
1580398617393 0.40565580129623413 28
1580398617447 0.43262797594070435 29
