1580456929916 0.46153846 0
1580456929971 0.23076923 1
1580456930035 0.23076923 2
1580456930098 0.46153846 3
1580456930160 0.3846154 4
1580456930222 0.23076923 5
1580456930283 0.30769232 6
1580456930345 0.23076923 7
1580456930407 0.30769232 8
1580456930470 0.30769232 9
1580456930530 0.3846154 10
1580456930593 0.23076923 11
1580456930656 0.46153846 12
1580456930719 0.3846154 13
1580456930781 0.46153846 14
1580456930844 0.53846157 15
1580456930906 0.61538464 16
1580456930967 0.3846154 17
1580456931031 0.46153846 18
1580456931093 0.30769232 19
1580456931156 0.53846157 20
1580456931217 0.53846157 21
1580456931280 0.3846154 22
1580456931343 0.30769232 23
1580456931406 0.30769232 24
1580456931470 0.46153846 25
1580456931533 0.46153846 26
1580456931597 0.3846154 27
1580456931697 0.53846157 28
1580456931790 0.3846154 29
