1580456929916 1.313718318939209 0
1580456929971 1.3539303541183472 1
1580456930035 1.3656527996063232 2
1580456930098 1.3160313367843628 3
1580456930160 1.3293532133102417 4
1580456930222 1.3915884494781494 5
1580456930283 1.364798903465271 6
1580456930345 1.3304212093353271 7
1580456930407 1.3364665508270264 8
1580456930470 1.330763578414917 9
1580456930530 1.324068546295166 10
1580456930593 1.4148005247116089 11
1580456930656 1.2954431772232056 12
1580456930719 1.3161219358444214 13
1580456930781 1.2909409999847412 14
1580456930844 1.289037823677063 15
1580456930906 1.253947377204895 16
1580456930967 1.3443983793258667 17
1580456931031 1.2475348711013794 18
1580456931093 1.328281283378601 19
1580456931156 1.2281564474105835 20
1580456931217 1.2221518754959106 21
1580456931280 1.2691080570220947 22
1580456931343 1.255912184715271 23
1580456931406 1.324412226676941 24
1580456931470 1.1967447996139526 25
1580456931533 1.2369879484176636 26
1580456931597 1.2307547330856323 27
1580456931697 1.187269926071167 28
1580456931790 1.1719399690628052 29
