1580398775705 0.15384616 0
1580398775763 0.3846154 1
1580398775820 0.46153846 2
1580398775878 0.23076923 3
1580398775935 0.30769232 4
1580398775993 0.3846154 5
1580398776052 0.53846157 6
1580398776108 0.6923077 7
1580398776164 0.3846154 8
1580398776223 0.61538464 9
1580398776281 0.6923077 10
1580398776340 0.6923077 11
1580398776398 0.84615386 12
1580398776456 0.53846157 13
1580398776515 0.7692308 14
1580398776573 0.6923077 15
1580398776632 0.7692308 16
1580398776689 0.84615386 17
1580398776748 0.61538464 18
1580398776805 0.84615386 19
1580398776861 0.61538464 20
1580398776919 0.6923077 21
1580398776977 0.84615386 22
1580398777036 0.7692308 23
1580398777093 0.6923077 24
1580398777149 0.84615386 25
1580398777206 0.7692308 26
1580398777262 0.84615386 27
1580398777319 0.9230769 28
1580398777378 0.6923077 29
