1580398775705 1.3779081106185913 0
1580398775763 1.3431862592697144 1
1580398775820 1.2975499629974365 2
1580398775878 1.335552453994751 3
1580398775935 1.374303936958313 4
1580398775993 1.2135109901428223 5
1580398776052 1.103330373764038 6
1580398776108 1.0800050497055054 7
1580398776164 1.1591382026672363 8
1580398776223 1.0235472917556763 9
1580398776281 1.0089703798294067 10
1580398776340 0.8181959986686707 11
1580398776398 0.5725209712982178 12
1580398776456 0.7821363210678101 13
1580398776515 0.7915197014808655 14
1580398776573 0.7253302931785583 15
1580398776632 0.6095525026321411 16
1580398776689 0.4515460431575775 17
1580398776748 0.7311686277389526 18
1580398776805 0.5002155303955078 19
1580398776861 0.6798766851425171 20
1580398776919 0.8860273957252502 21
1580398776977 0.47325196862220764 22
1580398777036 0.4718707799911499 23
1580398777093 0.507266104221344 24
1580398777149 0.4189591705799103 25
1580398777206 0.4945288300514221 26
1580398777262 0.3843851089477539 27
1580398777319 0.41020044684410095 28
1580398777378 0.508082389831543 29
