1580398605395 0.3846154 0
1580398605441 0.07692308 1
1580398605493 0.46153846 2
1580398605545 0.15384616 3
1580398605597 0.23076923 4
1580398605649 0.53846157 5
1580398605702 0.30769232 6
1580398605754 0.30769232 7
1580398605807 0.30769232 8
1580398605859 0.23076923 9
1580398605911 0.46153846 10
1580398605965 0.3846154 11
1580398606018 0.23076923 12
1580398606071 0.61538464 13
1580398606122 0.46153846 14
1580398606174 0.46153846 15
1580398606227 0.30769232 16
1580398606280 0.53846157 17
1580398606332 0.7692308 18
1580398606385 0.6923077 19
1580398606439 0.61538464 20
1580398606492 0.61538464 21
1580398606544 0.61538464 22
1580398606597 0.46153846 23
1580398606650 0.53846157 24
1580398606703 0.61538464 25
1580398606755 0.61538464 26
1580398606808 0.53846157 27
1580398606861 0.6923077 28
1580398606914 0.7692308 29
