1580398605395 1.4127386808395386 0
1580398605441 1.463366985321045 1
1580398605493 1.3675919771194458 2
1580398605545 1.4165199995040894 3
1580398605597 1.3791626691818237 4
1580398605649 1.362244963645935 5
1580398605702 1.3226418495178223 6
1580398605754 1.283221960067749 7
1580398605807 1.3551061153411865 8
1580398605859 1.3371323347091675 9
1580398605911 1.2486650943756104 10
1580398605965 1.2597699165344238 11
1580398606018 1.4527759552001953 12
1580398606071 1.3080652952194214 13
1580398606122 1.2705190181732178 14
1580398606174 1.173166036605835 15
1580398606227 1.2933375835418701 16
1580398606280 1.2298860549926758 17
1580398606332 1.167651891708374 18
1580398606385 1.1397744417190552 19
1580398606439 1.1224653720855713 20
1580398606492 1.069252610206604 21
1580398606544 1.0253612995147705 22
1580398606597 1.1337273120880127 23
1580398606650 1.0116052627563477 24
1580398606703 1.0670368671417236 25
1580398606755 0.978478193283081 26
1580398606808 1.0403913259506226 27
1580398606861 0.9050705432891846 28
1580398606914 0.8571687340736389 29
