1580354340934 0.07692308 0
1580354340980 0.30769232 1
1580354341027 0.23076923 2
1580354341075 0.30769232 3
1580354341124 0.3846154 4
1580354341196 0.53846157 5
1580354341263 0.30769232 6
1580354341329 0.46153846 7
1580354341397 0.46153846 8
1580354341464 0.23076923 9
1580354341532 0.53846157 10
1580354341600 0.3846154 11
1580354341668 0.46153846 12
1580354341744 0.53846157 13
1580354341818 0.53846157 14
1580354341887 0.53846157 15
1580354341957 0.6923077 16
1580354342029 0.61538464 17
1580354342098 0.53846157 18
1580354342166 0.53846157 19
1580354342234 0.6923077 20
1580354342302 0.3846154 21
1580354342370 0.53846157 22
1580354342438 0.61538464 23
1580354342506 0.61538464 24
1580354342575 0.61538464 25
1580354342644 0.53846157 26
1580354342714 0.61538464 27
1580354342783 0.46153846 28
1580354342853 0.61538464 29
