1580354340934 1.5326253175735474 0
1580354340980 1.3474558591842651 1
1580354341027 1.4099059104919434 2
1580354341075 1.3594061136245728 3
1580354341124 1.3412292003631592 4
1580354341196 1.3314831256866455 5
1580354341263 1.348926067352295 6
1580354341329 1.3523017168045044 7
1580354341397 1.3419100046157837 8
1580354341464 1.4520195722579956 9
1580354341532 1.2651689052581787 10
1580354341600 1.3337041139602661 11
1580354341668 1.304365634918213 12
1580354341744 1.293489933013916 13
1580354341818 1.2639350891113281 14
1580354341887 1.2564449310302734 15
1580354341957 1.2335318326950073 16
1580354342029 1.2597033977508545 17
1580354342098 1.3331122398376465 18
1580354342166 1.2070302963256836 19
1580354342234 1.2467581033706665 20
1580354342302 1.3733365535736084 21
1580354342370 1.3231823444366455 22
1580354342438 1.2456333637237549 23
1580354342506 1.2243913412094116 24
1580354342575 1.2260191440582275 25
1580354342644 1.2385355234146118 26
1580354342714 1.2697415351867676 27
1580354342783 1.2437540292739868 28
1580354342853 1.1645909547805786 29
